Indentation

 + User defined profile

+ User defined profile
   Acquisition Rate :	20.0 [Hz]
   Max load :	5.00 	mN
   Loading rate :	3.00 	mN/min
   Pause :	10.0 s
   Max load :	0.50 	mN
   Loading rate :	8.00 	mN/min
   Pause :	90.0 s
   Max load :	0.00 	mN
   Loading rate :	8.00 	mN/min
+ TTX-NHT S/N: 01-05628 settings
   Approach distance : 3000 nm
   Approach speed : 2000 nm/min
   Retract speed : 2001 nm/min
   Dz sensor in fine range
   Stiffness Threshold : 1000 µN/µm
   Spring Compliance : 0.924 mm/N
   Warning: Factory spring compliance
   (Computed: 0.727 mm/N)


Date :11/24/2021
Time :3:10:20 PM

   Method :	Oliver & Pharr

 + Parameters

  Unload Fit [40%,98%]

 + Main results

   HIT=	42.484 	MPa
   EIT=	1.0325 	GPa
   E*=	1.1346 	GPa

 + Hypothesis

   hc out of calibrated range [111 nm, 1466 nm]
   m out of O&P hypothesis
   Poisson's ratio(nu)=	0.30 

 + Additional results

   HVIT=	3.9345 	 Vickers
   nIT=	40.87 %
   Fmax=	4.88 	mN
   hmax=	2366.25 	nm
   S=	0.0142 	mN/nm
   hc=	2115.94 	nm
   hr=	2021.95 	nm
   hp=	-4519.86 	nm
   m=	20.0000 
   Epsilon=	0.73 
   R2=	0.827
   Ap=	114878689.45 	nm²
   Welast=	2032.87 pJ
   Wplast=	2940.75 pJ
   Wtotal=	4973.62 pJ
   Er=	1.1335 	GPa

Measured values
Time (s)	Pd (nm)	Fn (mN)	FnRef (mN)	SegmentID

0	0	0	0	0
0.05	1.4932	0.0002	0	0
0.1	2.8554	0.0013	0	0
0.15	3.3983	0.0025	0	0
0.2	4.6833	0.0039	0	0
0.25	5.3113	0.0074	0	0
0.3	6.3129	0.006	0	0
0.35	7.1668	0.0059	0	0
0.4	7.837	0.0082	0	0
0.45	8.7898	0.0103	0	0
0.5	9.5487	0.0127	0	0
0.55	11.0127	0.0145	0	0
0.6	12.0365	0.0157	0	0
0.65	12.6354	0.0174	0	0
0.7	13.4553	0.0196	0	0
0.75	14.6479	0.0218	0	0
0.8	16.1892	0.0226	0	0
0.85	16.6971	0.0259	0	0
0.9	18.0953	0.0264	0	1
0.95	19.169	0.028	0	1
1	19.7784	0.0318	0	1
1.05	21.0755	0.0358	0	1
1.1	22.2172	0.0372	0	1
1.15	23.1849	0.0373	0	1
1.2	23.5917	0.0389	0	1
1.25	24.3669	0.0386	0	1
1.3	25.5044	0.0393	0	1
1.35	26.4503	0.0427	0	1
1.4	27.9309	0.0461	0	1
1.45	29.1217	0.0509	0	1
1.5	29.8412	0.052	0	1
1.55	30.4743	0.0528	0	1
1.6	31.5845	0.0535	0	1
1.65	32.8903	0.0563	0	1
1.7	34.3721	0.0613	0	1
1.75	36.1064	0.0633	0	1
1.8	37.3552	0.0662	0	1
1.85	38.6228	0.0675	0	1
1.9	39.7521	0.0692	0	1
1.95	40.9027	0.073	0	1
2	42.5368	0.0746	0	1
2.05	43.5963	0.0787	0	1
2.1	44.6353	0.0817	0	1
2.15	45.6992	0.0823	0	1
2.2	46.8457	0.086	0	1
2.25	48.184	0.0887	0	1
2.3	49.2527	0.0919	0	1
2.35	50.403	0.0952	0	1
2.4	50.9976	0.0959	0	1
2.45	51.9901	0.0975	0	1
2.5	53.4849	0.0989	0	1
2.55	54.958	0.103	0	1
2.6	56.3117	0.1064	0	1
2.65	57.458	0.1085	0	1
2.7	58.9171	0.1128	0	1
2.75	59.8011	0.1151	0	1
2.8	60.4188	0.1148	0	1
2.85	61.4106	0.1163	0	1
2.9	62.615	0.1187	0	1
2.95	64.2996	0.1219	0	1
3	65.6587	0.1257	0	1
3.05	67.0063	0.1279	0	1
3.1	67.9614	0.1315	0	1
3.15	68.9646	0.132	0	1
3.2	70.7343	0.1335	0	1
3.25	71.9722	0.1394	0	1
3.3	73.4416	0.1418	0	1
3.35	74.5461	0.1444	0	1
3.4	75.2826	0.1476	0	1
3.45	76.2933	0.1487	0	1
3.5	76.9719	0.1511	0	1
3.55	77.9895	0.1542	0	1
3.6	79.0492	0.1566	0	1
3.65	80.4545	0.1596	0	1
3.7	81.6869	0.1591	0	1
3.75	82.6639	0.1586	0	1
3.8	84.5472	0.1647	0	1
3.85	86.2669	0.1684	0	1
3.9	87.5427	0.1689	0	1
3.95	88.5271	0.1737	0	1
4	89.4832	0.1777	0	1
4.05	90.5858	0.1801	0	1
4.1	91.4923	0.1808	0	1
4.15	92.7532	0.1823	0	1
4.2	93.6576	0.1836	0	1
4.25	95.0841	0.1859	0	1
4.3	96.6133	0.1896	0	1
4.35	97.7619	0.1907	0	1
4.4	99.3884	0.195	0	1
4.45	100.8272	0.1985	0	1
4.5	102.227	0.2009	0	1
4.55	103.4285	0.2042	0	1
4.6	104.4921	0.2071	0	1
4.65	105.9541	0.206	0	1
4.7	106.9947	0.2084	0	1
4.75	108.5195	0.2117	0	1
4.8	109.7134	0.2156	0	1
4.85	111.1644	0.2203	0	1
4.9	111.9931	0.2222	0	1
4.95	112.4741	0.2243	0	1
5	113.8827	0.2251	0	1
5.05	114.7504	0.2267	0	1
5.1	116.4424	0.2305	0	1
5.15	117.6418	0.2337	0	1
5.2	118.3511	0.2373	0	1
5.25	119.8235	0.2397	0	1
5.3	121.0326	0.2393	0	1
5.35	122.3868	0.2439	0	1
5.4	123.4243	0.2483	0	1
5.45	124.5201	0.2487	0	1
5.5	125.7748	0.2503	0	1
5.55	126.6594	0.252	0	1
5.6	128.214	0.252	0	1
5.65	129.6256	0.2562	0	1
5.7	131.3006	0.2615	0	1
5.75	132.8473	0.265	0	1
5.8	134.0276	0.2667	0	1
5.85	135.0633	0.2676	0	1
5.9	136.1412	0.2707	0	1
5.95	137.3678	0.2709	0	1
6	138.2101	0.2751	0	1
6.05	139.5894	0.2771	0	1
6.1	141.0089	0.2788	0	1
6.15	142.4278	0.2842	0	1
6.2	143.9991	0.2848	0	1
6.25	145.0051	0.2875	0	1
6.3	146.608	0.2916	0	1
6.35	147.2299	0.2926	0	1
6.4	148.1984	0.294	0	1
6.45	149.7651	0.2986	0	1
6.5	151.2251	0.3025	0	1
6.55	153.2772	0.3025	0	1
6.6	154.2734	0.3022	0	1
6.65	155.586	0.3045	0	1
6.7	157.7643	0.3076	0	1
6.75	159.2534	0.3105	0	1
6.8	161.2424	0.3151	0	1
6.85	162.6802	0.3174	0	1
6.9	164.3815	0.3189	0	1
6.95	165.5629	0.3228	0	1
7	166.5999	0.3268	0	1
7.05	168.1788	0.329	0	1
7.1	168.789	0.333	0	1
7.15	169.7	0.3345	0	1
7.2	171.1251	0.3369	0	1
7.25	172.4734	0.3381	0	1
7.3	173.3997	0.3397	0	1
7.35	175.0293	0.3442	0	1
7.4	176.8257	0.3442	0	1
7.45	178.1327	0.3469	0	1
7.5	179.7908	0.3511	0	1
7.55	180.7037	0.3544	0	1
7.6	181.7277	0.3542	0	1
7.65	182.4297	0.3555	0	1
7.7	183.3458	0.3605	0	1
7.75	185.2976	0.3643	0	1
7.8	186.3682	0.3646	0	1
7.85	188.1454	0.3661	0	1
7.9	190.4246	0.3678	0	1
7.95	192.6373	0.3697	0	1
8	194.7217	0.3719	0	1
8.05	195.6901	0.3757	0	1
8.1	197.7248	0.3808	0	1
8.15	199.7659	0.3859	0	1
8.2	200.4992	0.3892	0	1
8.25	201.4974	0.3896	0	1
8.3	203.2435	0.3899	0	1
8.35	205.8855	0.3896	0	1
8.4	208.322	0.3914	0	1
8.45	210.5815	0.3955	0	1
8.5	212.8934	0.3991	0	1
8.55	214.693	0.4013	0	1
8.6	216.2447	0.4021	0	1
8.65	217.4051	0.407	0	1
8.7	218.9478	0.4108	0	1
8.75	220.1024	0.4125	0	1
8.8	221.328	0.4159	0	1
8.85	223.2438	0.4164	0	1
8.9	224.4198	0.4203	0	1
8.95	225.7498	0.4245	0	1
9	226.7272	0.4257	0	1
9.05	227.9306	0.4298	0	1
9.1	228.8771	0.4322	0	1
9.15	229.177	0.435	0	1
9.2	230.5102	0.4369	0	1
9.25	231.591	0.4361	0	1
9.3	233.2721	0.4382	0	1
9.35	234.5067	0.4432	0	1
9.4	235.3806	0.4456	0	1
9.45	237.0533	0.4453	0	1
9.5	238.4737	0.447	0	1
9.55	240.3576	0.4506	0	1
9.6	241.5703	0.4581	0	1
9.65	243.1327	0.4611	0	1
9.7	244.0885	0.4615	0	1
9.75	245.0507	0.4632	0	1
9.8	246.4244	0.465	0	1
9.85	247.1695	0.4685	0	1
9.9	248.5124	0.4721	0	1
9.95	249.4591	0.473	0	1
10	250.2366	0.4743	0	1
10.05	251.0777	0.4769	0	1
10.1	252.2067	0.4802	0	1
10.15	254.1329	0.4808	0	1
10.2	255.4797	0.4847	0	1
10.25	256.8831	0.4912	0	1
10.3	258.6724	0.4898	0	1
10.35	259.6102	0.4901	0	1
10.4	260.8894	0.4941	0	1
10.45	262.3545	0.4988	0	1
10.5	264.0274	0.5034	0	1
10.55	264.758	0.5045	0	1
10.6	264.8878	0.5039	0	1
10.65	266.4903	0.5056	0	1
10.7	268.3731	0.5075	0	1
10.75	270.7393	0.5111	0	1
10.8	272.2069	0.5163	0	1
10.85	273.3386	0.5183	0	1
10.9	274.7316	0.5191	0	1
10.95	276.1233	0.5211	0	1
11	277.6943	0.5241	0	1
11.05	279.053	0.5286	0	1
11.1	280.6074	0.5297	0	1
11.15	281.7094	0.5343	0	1
11.2	283.0854	0.5361	0	1
11.25	284.8894	0.536	0	1
11.3	286.434	0.5382	0	1
11.35	288.5101	0.5417	0	1
11.4	289.68	0.5436	0	1
11.45	290.9125	0.5473	0	1
11.5	292.4826	0.5505	0	1
11.55	293.8817	0.5541	0	1
11.6	295.1867	0.5571	0	1
11.65	296.4202	0.5577	0	1
11.7	297.6575	0.5617	0	1
11.75	298.7055	0.5645	0	1
11.8	299.9199	0.565	0	1
11.85	301.4406	0.5678	0	1
11.9	302.7663	0.5701	0	1
11.95	304.4786	0.5732	0	1
12	305.3411	0.5773	0	1
12.05	306.4102	0.5786	0	1
12.1	307.4698	0.579	0	1
12.15	308.3803	0.5811	0	1
12.2	309.8865	0.5848	0	1
12.25	311.1754	0.5881	0	1
12.3	312.7842	0.5905	0	1
12.35	313.7171	0.5946	0	1
12.4	314.6308	0.5966	0	1
12.45	315.9555	0.5982	0	1
12.5	316.759	0.6021	0	1
12.55	317.8656	0.6023	0	1
12.6	319.2913	0.6032	0	1
12.65	321.2004	0.609	0	1
12.7	323.0046	0.6113	0	1
12.75	324.4541	0.6112	0	1
12.8	326.0343	0.6153	0	1
12.85	327.3353	0.6197	0	1
12.9	328.779	0.6212	0	1
12.95	329.6875	0.6225	0	1
13	330.8476	0.6241	0	1
13.05	332.3813	0.6261	0	1
13.1	333.704	0.6305	0	1
13.15	335.4012	0.6341	0	1
13.2	336.753	0.6362	0	1
13.25	337.5371	0.6388	0	1
13.3	338.4027	0.6416	0	1
13.35	339.458	0.6418	0	1
13.4	341.0913	0.6439	0	1
13.45	342.5145	0.6493	0	1
13.5	343.7953	0.6504	0	1
13.55	344.8466	0.6522	0	1
13.6	345.7554	0.655	0	1
13.65	347.402	0.6558	0	1
13.7	349.0056	0.6604	0	1
13.75	351.044	0.6604	0	1
13.8	353.403	0.662	0	1
13.85	356.1004	0.6657	0	1
13.9	358.1791	0.6701	0	1
13.95	359.9322	0.6756	0	1
14	361.0563	0.6767	0	1
14.05	361.2297	0.678	0	1
14.1	362.4549	0.6789	0	1
14.15	364.2434	0.6816	0	1
14.2	365.3465	0.687	0	1
14.25	366.6473	0.6885	0	1
14.3	367.5717	0.6899	0	1
14.35	369.0331	0.6937	0	1
14.4	370.5237	0.6934	0	1
14.45	372.1225	0.6957	0	1
14.5	373.2535	0.6995	0	1
14.55	374.1373	0.7011	0	1
14.6	375.9861	0.7045	0	1
14.65	377.1121	0.7082	0	1
14.7	378.4735	0.7113	0	1
14.75	380.0985	0.7137	0	1
14.8	381.3256	0.7147	0	1
14.85	382.4925	0.7186	0	1
14.9	383.3546	0.7221	0	1
14.95	385.0873	0.7218	0	1
15	386.3574	0.7235	0	1
15.05	387.6018	0.7276	0	1
15.1	388.727	0.7311	0	1
15.15	389.5252	0.7335	0	1
15.2	390.9175	0.7353	0	1
15.25	391.7249	0.7392	0	1
15.3	392.9452	0.7388	0	1
15.35	394.2484	0.7402	0	1
15.4	395.5919	0.7454	0	1
15.45	397.4283	0.7483	0	1
15.5	398.7135	0.7519	0	1
15.55	400.0219	0.7535	0	1
15.6	401.1775	0.7543	0	1
15.65	402.3563	0.7579	0	1
15.7	403.517	0.7632	0	1
15.75	404.8084	0.7639	0	1
15.8	406.3413	0.7646	0	1
15.85	407.3959	0.7673	0	1
15.9	409.1888	0.7693	0	1
15.95	411.0794	0.7726	0	1
16	412.2054	0.7725	0	1
16.05	414.0235	0.7737	0	1
16.1	415.4092	0.7789	0	1
16.15	417.4973	0.7837	0	1
16.2	418.5237	0.7874	0	1
16.25	419.1863	0.7872	0	1
16.3	420.6197	0.7907	0	1
16.35	421.4507	0.7972	0	1
16.4	423.0705	0.7947	0	1
16.45	424.7678	0.7958	0	1
16.5	426.1267	0.7994	0	1
16.55	427.4936	0.8023	0	1
16.6	429.133	0.8066	0	1
16.65	430.6882	0.8074	0	1
16.7	431.3986	0.8092	0	1
16.75	433.2106	0.8115	0	1
16.8	434.6173	0.8144	0	1
16.85	436.0536	0.8198	0	1
16.9	437.8679	0.8204	0	1
16.95	438.8744	0.8218	0	1
17	440.4682	0.8241	0	1
17.05	441.9316	0.8279	0	1
17.1	443.6079	0.8322	0	1
17.15	444.7477	0.8345	0	1
17.2	445.2104	0.8344	0	1
17.25	447.0508	0.8375	0	1
17.3	448.4247	0.8396	0	1
17.35	450.0324	0.8398	0	1
17.4	451.9314	0.8447	0	1
17.45	454.1515	0.8475	0	1
17.5	455.6545	0.8507	0	1
17.55	456.3288	0.8546	0	1
17.6	457.9256	0.8554	0	1
17.65	458.9963	0.8576	0	1
17.7	460.2048	0.8582	0	1
17.75	461.4544	0.8616	0	1
17.8	462.862	0.8646	0	1
17.85	464.4787	0.866	0	1
17.9	465.5619	0.8715	0	1
17.95	466.6614	0.8751	0	1
18	467.2779	0.8759	0	1
18.05	468.6012	0.8788	0	1
18.1	469.7099	0.8815	0	1
18.15	470.5623	0.8845	0	1
18.2	471.9477	0.8839	0	1
18.25	473.1849	0.8831	0	1
18.3	474.9474	0.8883	0	1
18.35	476.4839	0.8929	0	1
18.4	477.9855	0.8974	0	1
18.45	479.5039	0.9003	0	1
18.5	480.1564	0.8998	0	1
18.55	481.173	0.9015	0	1
18.6	482.3329	0.9039	0	1
18.65	483.9256	0.908	0	1
18.7	485.3261	0.9134	0	1
18.75	486.4741	0.9144	0	1
18.8	487.6041	0.9145	0	1
18.85	488.4946	0.9181	0	1
18.9	490.1148	0.9179	0	1
18.95	491.6275	0.9222	0	1
19	492.7449	0.9269	0	1
19.05	494.4976	0.9266	0	1
19.1	496.2381	0.9276	0	1
19.15	498.3238	0.9314	0	1
19.2	499.5762	0.9363	0	1
19.25	501.0825	0.9381	0	1
19.3	502.695	0.938	0	1
19.35	504.5141	0.9427	0	1
19.4	506.1698	0.9468	0	1
19.45	506.8508	0.9474	0	1
19.5	508.1603	0.9515	0	1
19.55	509.3	0.9513	0	1
19.6	510.1817	0.9525	0	1
19.65	511.5738	0.9579	0	1
19.7	512.9396	0.9601	0	1
19.75	514.6067	0.9623	0	1
19.8	515.8289	0.9655	0	1
19.85	517.2177	0.9688	0	1
19.9	518.6344	0.9713	0	1
19.95	519.4681	0.9726	0	1
20	520.6009	0.9736	0	1
20.05	521.7706	0.974	0	1
20.1	523.9705	0.9787	0	1
20.15	525.6861	0.9836	0	1
20.2	526.4233	0.985	0	1
20.25	527.8909	0.986	0	1
20.3	529.9242	0.9894	0	1
20.35	531.7069	0.992	0	1
20.4	532.7355	0.9961	0	1
20.45	535.1585	0.9987	0	1
20.5	536.9912	0.9997	0	1
20.55	537.3411	1.003	0	1
20.6	538.6528	1.0057	0	1
20.65	540.3002	1.0089	0	1
20.7	541.6262	1.0107	0	1
20.75	542.1533	1.0122	0	1
20.8	543.8321	1.0135	0	1
20.85	546.2181	1.0147	0	1
20.9	547.4651	1.0185	0	1
20.95	548.547	1.0227	0	1
21	550.6769	1.0241	0	1
21.05	552.8232	1.0262	0	1
21.1	553.5554	1.0311	0	1
21.15	554.2817	1.0347	0	1
21.2	556.2984	1.0361	0	1
21.25	557.3648	1.0371	0	1
21.3	558.4964	1.0383	0	1
21.35	559.8422	1.044	0	1
21.4	561.575	1.0473	0	1
21.45	562.7844	1.0485	0	1
21.5	563.3868	1.051	0	1
21.55	564.7709	1.0504	0	1
21.6	566.4086	1.0533	0	1
21.65	567.8206	1.0567	0	1
21.7	569.1373	1.0594	0	1
21.75	570.5671	1.0629	0	1
21.8	572.0435	1.0646	0	1
21.85	572.8484	1.0686	0	1
21.9	574.1289	1.0702	0	1
21.95	575.5925	1.0731	0	1
22	576.5452	1.0774	0	1
22.05	577.6461	1.0776	0	1
22.1	578.7903	1.0779	0	1
22.15	580.42	1.0823	0	1
22.2	581.3125	1.087	0	1
22.25	582.3542	1.0896	0	1
22.3	583.6603	1.0878	0	1
22.35	584.8539	1.0904	0	1
22.4	587.2508	1.0959	0	1
22.45	589.1338	1.0963	0	1
22.5	590.632	1.0985	0	1
22.55	592.0579	1.1039	0	1
22.6	593.5346	1.1058	0	1
22.65	594.7611	1.1077	0	1
22.7	595.7811	1.1107	0	1
22.75	597.4741	1.1111	0	1
22.8	598.8801	1.1137	0	1
22.85	600.4612	1.1176	0	1
22.9	601.9692	1.1208	0	1
22.95	603.1062	1.1231	0	1
23	604.7964	1.1251	0	1
23.05	606.5337	1.1274	0	1
23.1	607.7775	1.13	0	1
23.15	608.7026	1.1336	0	1
23.2	609.6876	1.1369	0	1
23.25	610.6276	1.1385	0	1
23.3	611.848	1.1415	0	1
23.35	613.4394	1.1427	0	1
23.4	614.2523	1.1454	0	1
23.45	615.3619	1.1489	0	1
23.5	616.6798	1.1503	0	1
23.55	617.6971	1.1518	0	1
23.6	618.9821	1.1549	0	1
23.65	619.9407	1.1578	0	1
23.7	621.4676	1.1624	0	1
23.75	622.1463	1.164	0	1
23.8	622.6783	1.1659	0	1
23.85	624.6178	1.1676	0	1
23.9	625.7869	1.1671	0	1
23.95	627.2716	1.171	0	1
24	628.5977	1.1755	0	1
24.05	629.9843	1.1776	0	1
24.1	631.4182	1.1828	0	1
24.15	631.9554	1.1858	0	1
24.2	632.9173	1.1856	0	1
24.25	633.5448	1.1868	0	1
24.3	635.0228	1.1905	0	1
24.35	637.0031	1.1924	0	1
24.4	638.6016	1.194	0	1
24.45	640.231	1.1938	0	1
24.5	641.9261	1.1993	0	1
24.55	643.508	1.2046	0	1
24.6	644.0953	1.2081	0	1
24.65	645.358	1.2091	0	1
24.7	646.4295	1.2088	0	1
24.75	647.2479	1.214	0	1
24.8	648.8829	1.2146	0	1
24.85	650.055	1.2165	0	1
24.9	651.3152	1.2212	0	1
24.95	652.2931	1.2241	0	1
25	653.7133	1.2262	0	1
25.05	655.2361	1.2261	0	1
25.1	655.9657	1.2295	0	1
25.15	657.2742	1.2344	0	1
25.2	658.7204	1.2377	0	1
25.25	659.7909	1.2392	0	1
25.3	660.6349	1.2399	0	1
25.35	661.6771	1.2432	0	1
25.4	663.3349	1.246	0	1
25.45	664.1811	1.2483	0	1
25.5	665.5277	1.2512	0	1
25.55	666.7165	1.2567	0	1
25.6	667.1933	1.2573	0	1
25.65	668.4599	1.2565	0	1
25.7	669.6343	1.2587	0	1
25.75	670.9376	1.2615	0	1
25.8	672.0047	1.2664	0	1
25.85	673.2809	1.2678	0	1
25.9	674.6033	1.2694	0	1
25.95	675.6677	1.2743	0	1
26	677.103	1.2762	0	1
26.05	678.0159	1.2796	0	1
26.1	679.2016	1.2802	0	1
26.15	680.5014	1.2821	0	1
26.2	681.4565	1.2845	0	1
26.25	682.9178	1.2824	0	1
26.3	684.827	1.2868	0	1
26.35	686.633	1.2948	0	1
26.4	687.6458	1.2975	0	1
26.45	688.7101	1.2981	0	1
26.5	689.7477	1.3011	0	1
26.55	690.7523	1.3037	0	1
26.6	692.3199	1.305	0	1
26.65	693.1466	1.3063	0	1
26.7	694.4524	1.3091	0	1
26.75	695.8844	1.3131	0	1
26.8	697.5339	1.3156	0	1
26.85	699.4179	1.316	0	1
26.9	700.6689	1.3182	0	1
26.95	702.3812	1.3201	0	1
27	703.9879	1.3256	0	1
27.05	705.4362	1.3284	0	1
27.1	706.5335	1.3313	0	1
27.15	707.8726	1.3348	0	1
27.2	709.5033	1.3354	0	1
27.25	710.2321	1.3391	0	1
27.3	711.4017	1.343	0	1
27.35	712.3753	1.3448	0	1
27.4	713.5916	1.3462	0	1
27.45	715.1141	1.3456	0	1
27.5	716.2337	1.349	0	1
27.55	718.4016	1.3524	0	1
27.6	720.0374	1.3557	0	1
27.65	721.1709	1.3573	0	1
27.7	722.9779	1.3593	0	1
27.75	724.4029	1.3632	0	1
27.8	725.7708	1.3637	0	1
27.85	726.8362	1.3638	0	1
27.9	728.8777	1.3684	0	1
27.95	730.9617	1.372	0	1
28	732.0559	1.3741	0	1
28.05	733.7232	1.378	0	1
28.1	735.2179	1.3804	0	1
28.15	736.6652	1.383	0	1
28.2	737.8997	1.386	0	1
28.25	739.0985	1.3869	0	1
28.3	740.6075	1.3905	0	1
28.35	741.385	1.3941	0	1
28.4	742.6867	1.3958	0	1
28.45	744.0284	1.3977	0	1
28.5	745.2707	1.3993	0	1
28.55	746.3193	1.4028	0	1
28.6	747.1347	1.4066	0	1
28.65	748.5615	1.4082	0	1
28.7	749.4018	1.4113	0	1
28.75	750.2727	1.4128	0	1
28.8	751.4612	1.4149	0	1
28.85	752.967	1.4179	0	1
28.9	754.2774	1.4178	0	1
28.95	754.9186	1.4233	0	1
29	756.0919	1.4254	0	1
29.05	757.3851	1.4273	0	1
29.1	759.2581	1.4308	0	1
29.15	760.4336	1.4315	0	1
29.2	761.279	1.4352	0	1
29.25	762.7619	1.4392	0	1
29.3	763.6567	1.4429	0	1
29.35	764.8258	1.4441	0	1
29.4	766.0591	1.4432	0	1
29.45	767.4327	1.4452	0	1
29.5	768.9261	1.4486	0	1
29.55	770.4943	1.4535	0	1
29.6	772.4802	1.4567	0	1
29.65	772.9863	1.4601	0	1
29.7	773.7179	1.4626	0	1
29.75	775.2994	1.4623	0	1
29.8	776.3433	1.4628	0	1
29.85	777.8824	1.4667	0	1
29.9	779.0394	1.4704	0	1
29.95	780.6903	1.4742	0	1
30	782.2773	1.4739	0	1
30.05	782.9174	1.4761	0	1
30.1	784.8055	1.481	0	1
30.15	786.6866	1.4843	0	1
30.2	787.7672	1.4845	0	1
30.25	788.129	1.4877	0	1
30.3	789.7903	1.4929	0	1
30.35	791.3922	1.4918	0	1
30.4	792.6824	1.4927	0	1
30.45	794.0866	1.4966	0	1
30.5	795.4464	1.5009	0	1
30.55	797.0347	1.5029	0	1
30.6	797.0431	1.5068	0	1
30.65	798.5834	1.5089	0	1
30.7	800.3255	1.5084	0	1
30.75	800.9894	1.5118	0	1
30.8	802.3015	1.5136	0	1
30.85	803.7776	1.5163	0	1
30.9	805.6683	1.52	0	1
30.95	806.8738	1.5224	0	1
31	807.9309	1.5244	0	1
31.05	809.7111	1.5276	0	1
31.1	811.0311	1.5308	0	1
31.15	812.0609	1.5345	0	1
31.2	813.1018	1.5379	0	1
31.25	814.3225	1.5398	0	1
31.3	815.665	1.5389	0	1
31.35	816.8829	1.5409	0	1
31.4	818.1783	1.5437	0	1
31.45	819.6516	1.5476	0	1
31.5	820.8969	1.5523	0	1
31.55	821.8462	1.5556	0	1
31.6	823.3098	1.5549	0	1
31.65	824.6696	1.5563	0	1
31.7	825.7888	1.5585	0	1
31.75	827.4181	1.5612	0	1
31.8	828.8189	1.5652	0	1
31.85	830.0985	1.5676	0	1
31.9	831.2666	1.5707	0	1
31.95	833.0373	1.5733	0	1
32	834.8539	1.5759	0	1
32.05	835.6339	1.5772	0	1
32.1	837.097	1.5811	0	1
32.15	838.5811	1.582	0	1
32.2	839.9831	1.5838	0	1
32.25	841.6481	1.585	0	1
32.3	842.5869	1.5901	0	1
32.35	844.6483	1.5933	0	1
32.4	845.6891	1.5948	0	1
32.45	846.3717	1.5969	0	1
32.5	848.1236	1.5997	0	1
32.55	849.2788	1.6027	0	1
32.6	850.7735	1.6027	0	1
32.65	851.9194	1.6068	0	1
32.7	853.574	1.6096	0	1
32.75	855.5785	1.6108	0	1
32.8	856.6799	1.6129	0	1
32.85	858.1586	1.6182	0	1
32.9	859.227	1.6225	0	1
32.95	860.1914	1.6226	0	1
33	861.6129	1.6261	0	1
33.05	863.0692	1.6283	0	1
33.1	864.5382	1.6279	0	1
33.15	865.8565	1.6319	0	1
33.2	867.6062	1.6359	0	1
33.25	868.6644	1.6395	0	1
33.3	870.0868	1.6394	0	1
33.35	871.1632	1.6401	0	1
33.4	872.116	1.6436	0	1
33.45	874.0913	1.6456	0	1
33.5	875.4977	1.6482	0	1
33.55	877.0267	1.6534	0	1
33.6	878.4999	1.6561	0	1
33.65	879.7935	1.6586	0	1
33.7	881.159	1.6606	0	1
33.75	881.8332	1.6639	0	1
33.8	883.5227	1.6658	0	1
33.85	884.6652	1.666	0	1
33.9	886.2214	1.669	0	1
33.95	887.8616	1.6709	0	1
34	889.2437	1.6734	0	1
34.05	891.2867	1.6767	0	1
34.1	892.5063	1.6805	0	1
34.15	894.1938	1.6828	0	1
34.2	895.972	1.6837	0	1
34.25	897.2966	1.6878	0	1
34.3	898.8605	1.6911	0	1
34.35	899.8724	1.6952	0	1
34.4	900.8758	1.6965	0	1
34.45	901.9106	1.6968	0	1
34.5	903.6914	1.6986	0	1
34.55	905.2792	1.7	0	1
34.6	906.2576	1.7034	0	1
34.65	908.2292	1.7054	0	1
34.7	910.078	1.7093	0	1
34.75	911.5999	1.7142	0	1
34.8	912.6545	1.7179	0	1
34.85	914.0083	1.7201	0	1
34.9	915.3612	1.7195	0	1
34.95	915.9843	1.7204	0	1
35	917.2906	1.7231	0	1
35.05	918.6745	1.7265	0	1
35.1	920.193	1.7297	0	1
35.15	921.5511	1.7336	0	1
35.2	922.8775	1.7365	0	1
35.25	924.3266	1.7381	0	1
35.3	925.4353	1.7403	0	1
35.35	926.3196	1.7424	0	1
35.4	927.2995	1.7454	0	1
35.45	929.0904	1.7457	0	1
35.5	931.0793	1.7473	0	1
35.55	932.6243	1.7533	0	1
35.6	934.2873	1.7566	0	1
35.65	935.273	1.757	0	1
35.7	936.7397	1.758	0	1
35.75	937.6942	1.7628	0	1
35.8	938.9132	1.7661	0	1
35.85	940.8771	1.7664	0	1
35.9	941.5848	1.7711	0	1
35.95	942.9835	1.7716	0	1
36	944.488	1.7719	0	1
36.05	946.1738	1.7775	0	1
36.1	947.9528	1.7803	0	1
36.15	948.974	1.7834	0	1
36.2	950.5348	1.7854	0	1
36.25	951.7218	1.7873	0	1
36.3	952.7608	1.791	0	1
36.35	953.8078	1.7949	0	1
36.4	955.2699	1.7969	0	1
36.45	957.2659	1.7981	0	1
36.5	958.0222	1.8008	0	1
36.55	958.836	1.8022	0	1
36.6	960.7375	1.8027	0	1
36.65	962.4504	1.8045	0	1
36.7	963.7511	1.8103	0	1
36.75	965.0907	1.8136	0	1
36.8	966.894	1.8156	0	1
36.85	967.9578	1.8178	0	1
36.9	969.1595	1.819	0	1
36.95	970.5132	1.822	0	1
37	971.6768	1.8229	0	1
37.05	973.2569	1.828	0	1
37.1	974.4837	1.8355	0	1
37.15	975.3644	1.8347	0	1
37.2	976.307	1.8335	0	1
37.25	977.5505	1.8352	0	1
37.3	979.1793	1.8391	0	1
37.35	980.7674	1.8456	0	1
37.4	982.4378	1.8454	0	1
37.45	983.5339	1.8467	0	1
37.5	984.849	1.8488	0	1
37.55	986.1664	1.8501	0	1
37.6	987.7215	1.8536	0	1
37.65	989.5105	1.8564	0	1
37.7	990.7627	1.8588	0	1
37.75	992.5742	1.8621	0	1
37.8	993.767	1.8656	0	1
37.85	995.1715	1.8694	0	1
37.9	996.7804	1.8701	0	1
37.95	998.2025	1.8715	0	1
38	999.7603	1.8769	0	1
38.05	1000.704	1.8788	0	1
38.1	1002.4125	1.8788	0	1
38.15	1003.676	1.8821	0	1
38.2	1004.7641	1.8852	0	1
38.25	1006.2904	1.887	0	1
38.3	1007.5412	1.8909	0	1
38.35	1009.1668	1.8933	0	1
38.4	1010.4878	1.8953	0	1
38.45	1011.3811	1.8973	0	1
38.5	1013.0324	1.9001	0	1
38.55	1014.6754	1.9034	0	1
38.6	1015.505	1.9037	0	1
38.65	1016.534	1.9071	0	1
38.7	1018.7036	1.9127	0	1
38.75	1020.032	1.912	0	1
38.8	1020.8087	1.9136	0	1
38.85	1022.4974	1.9151	0	1
38.9	1023.3562	1.9201	0	1
38.95	1025.2719	1.9233	0	1
39	1026.8549	1.9237	0	1
39.05	1027.9502	1.9272	0	1
39.1	1029.5276	1.929	0	1
39.15	1030.8839	1.934	0	1
39.2	1032.5665	1.9371	0	1
39.25	1033.3737	1.9382	0	1
39.3	1034.5637	1.9397	0	1
39.35	1036.3651	1.94	0	1
39.4	1037.9887	1.9428	0	1
39.45	1039.6132	1.9481	0	1
39.5	1040.9462	1.9516	0	1
39.55	1042.4657	1.9531	0	1
39.6	1043.7101	1.9559	0	1
39.65	1044.9328	1.9568	0	1
39.7	1046.7816	1.9596	0	1
39.75	1048.0849	1.9645	0	1
39.8	1049.2257	1.9658	0	1
39.85	1050.2766	1.9685	0	1
39.9	1051.8405	1.9704	0	1
39.95	1052.9859	1.9724	0	1
40	1053.7498	1.9753	0	1
40.05	1055.8005	1.9764	0	1
40.1	1057.3622	1.9784	0	1
40.15	1059.3358	1.9812	0	1
40.2	1060.9718	1.984	0	1
40.25	1062.4382	1.9887	0	1
40.3	1064.1454	1.9873	0	1
40.35	1065.2504	1.9898	0	1
40.4	1067.0832	1.9947	0	1
40.45	1068.841	1.9981	0	1
40.5	1070.4481	2.0019	0	1
40.55	1071.3424	2.003	0	1
40.6	1072.2045	2.0044	0	1
40.65	1073.8392	2.0081	0	1
40.7	1074.8045	2.0111	0	1
40.75	1076.3361	2.0155	0	1
40.8	1077.5736	2.0165	0	1
40.85	1078.8151	2.0151	0	1
40.9	1080.3142	2.0183	0	1
40.95	1081.4577	2.0221	0	1
41	1082.9233	2.0239	0	1
41.05	1084.4921	2.0282	0	1
41.1	1086.1125	2.0294	0	1
41.15	1086.9177	2.0329	0	1
41.2	1088.1993	2.0349	0	1
41.25	1090.178	2.0365	0	1
41.3	1091.2477	2.0416	0	1
41.35	1092.5842	2.0417	0	1
41.4	1094.084	2.0438	0	1
41.45	1095.8613	2.0467	0	1
41.5	1097.1486	2.0507	0	1
41.55	1098.0467	2.0559	0	1
41.6	1099.7593	2.0557	0	1
41.65	1100.6976	2.0565	0	1
41.7	1101.8575	2.0585	0	1
41.75	1103.7593	2.059	0	1
41.8	1105.6956	2.0652	0	1
41.85	1107.5202	2.0695	0	1
41.9	1108.7124	2.0692	0	1
41.95	1110.4895	2.0723	0	1
42	1111.8241	2.0738	0	1
42.05	1112.8549	2.0758	0	1
42.1	1114.5089	2.0793	0	1
42.15	1115.9982	2.0821	0	1
42.2	1117.6022	2.083	0	1
42.25	1119.106	2.0855	0	1
42.3	1121.1842	2.0894	0	1
42.35	1122.6261	2.0936	0	1
42.4	1123.4277	2.0955	0	1
42.45	1125.549	2.0974	0	1
42.5	1127.0352	2.1005	0	1
42.55	1128.0253	2.1029	0	1
42.6	1129.3593	2.1041	0	1
42.65	1131.4203	2.1038	0	1
42.7	1133.2042	2.1074	0	1
42.75	1134.569	2.1143	0	1
42.8	1136.4571	2.116	0	1
42.85	1137.6414	2.1178	0	1
42.9	1139.2412	2.1208	0	1
42.95	1140.6727	2.1234	0	1
43	1141.5138	2.1252	0	1
43.05	1142.9248	2.125	0	1
43.1	1144.1465	2.1269	0	1
43.15	1146.3777	2.13	0	1
43.2	1148.1799	2.1347	0	1
43.25	1149.6535	2.1406	0	1
43.3	1151.0569	2.1423	0	1
43.35	1151.9208	2.1427	0	1
43.4	1153.4371	2.1441	0	1
43.45	1154.8462	2.1459	0	1
43.5	1156.2622	2.1475	0	1
43.55	1157.8373	2.151	0	1
43.6	1159.6818	2.1556	0	1
43.65	1161.5876	2.1592	0	1
43.7	1162.1924	2.1597	0	1
43.75	1163.891	2.1618	0	1
43.8	1165.6705	2.1643	0	1
43.85	1167.3766	2.1673	0	1
43.9	1169.3948	2.17	0	1
43.95	1170.2279	2.1728	0	1
44	1171.4919	2.1773	0	1
44.05	1172.5354	2.1776	0	1
44.1	1173.6636	2.1771	0	1
44.15	1175.1068	2.1813	0	1
44.2	1176.6686	2.1859	0	1
44.25	1178.3339	2.1868	0	1
44.3	1179.4809	2.1905	0	1
44.35	1180.8003	2.1912	0	1
44.4	1182.1279	2.1929	0	1
44.45	1183.9719	2.1973	0	1
44.5	1185.8245	2.1986	0	1
44.55	1186.6074	2.2011	0	1
44.6	1188.4115	2.2042	0	1
44.65	1190.2161	2.2083	0	1
44.7	1191.7438	2.2116	0	1
44.75	1193.1672	2.2126	0	1
44.8	1194.5823	2.2143	0	1
44.85	1196.1072	2.217	0	1
44.9	1196.8287	2.2219	0	1
44.95	1198.8141	2.2236	0	1
45	1199.939	2.2233	0	1
45.05	1201.2638	2.2268	0	1
45.1	1203.4039	2.2302	0	1
45.15	1204.4871	2.2318	0	1
45.2	1206.0646	2.2329	0	1
45.25	1206.8447	2.2369	0	1
45.3	1208.4472	2.2403	0	1
45.35	1210.7048	2.2434	0	1
45.4	1211.8389	2.2455	0	1
45.45	1213.0318	2.2485	0	1
45.5	1214.5697	2.2541	0	1
45.55	1215.702	2.2546	0	1
45.6	1216.3795	2.2566	0	1
45.65	1217.3561	2.2577	0	1
45.7	1218.918	2.2562	0	1
45.75	1220.8324	2.2611	0	1
45.8	1222.9682	2.2641	0	1
45.85	1224.4466	2.2663	0	1
45.9	1226.1599	2.2668	0	1
45.95	1227.9337	2.2693	0	1
46	1229.9769	2.2737	0	1
46.05	1232.3284	2.2748	0	1
46.1	1233.5776	2.2771	0	1
46.15	1235.0476	2.2799	0	1
46.2	1236.9897	2.2835	0	1
46.25	1239.3915	2.2871	0	1
46.3	1241.0035	2.2906	0	1
46.35	1241.9239	2.2928	0	1
46.4	1243.6922	2.2956	0	1
46.45	1245.2466	2.2988	0	1
46.5	1246.8379	2.2991	0	1
46.55	1248.6648	2.3027	0	1
46.6	1249.5213	2.3065	0	1
46.65	1250.8979	2.3095	0	1
46.7	1251.8614	2.3116	0	1
46.75	1252.9191	2.3131	0	1
46.8	1254.4919	2.3147	0	1
46.85	1255.8999	2.314	0	1
46.9	1258.03	2.3175	0	1
46.95	1260.0853	2.3208	0	1
47	1261.9787	2.3238	0	1
47.05	1262.8757	2.3277	0	1
47.1	1263.9308	2.3303	0	1
47.15	1266.05	2.3324	0	1
47.2	1267.4218	2.3354	0	1
47.25	1268.8849	2.3376	0	1
47.3	1270.1676	2.3429	0	1
47.35	1271.3302	2.3416	0	1
47.4	1273.1036	2.3398	0	1
47.45	1275.1841	2.3444	0	1
47.5	1276.6743	2.349	0	1
47.55	1278.3196	2.3534	0	1
47.6	1280.3458	2.355	0	1
47.65	1281.4082	2.3558	0	1
47.7	1282.5659	2.3603	0	1
47.75	1284.4502	2.3623	0	1
47.8	1286.2725	2.3654	0	1
47.85	1287.8351	2.3686	0	1
47.9	1288.2796	2.3707	0	1
47.95	1289.667	2.3734	0	1
48	1291.4054	2.3727	0	1
48.05	1292.3125	2.3757	0	1
48.1	1294.2615	2.3778	0	1
48.15	1296.6565	2.3798	0	1
48.2	1298.5392	2.3846	0	1
48.25	1299.8344	2.3882	0	1
48.3	1301.34	2.3892	0	1
48.35	1303.3515	2.3918	0	1
48.4	1305.1274	2.3948	0	1
48.45	1307.1587	2.3969	0	1
48.5	1309.4901	2.3993	0	1
48.55	1312.309	2.4004	0	1
48.6	1314.222	2.4036	0	1
48.65	1316.1247	2.4041	0	1
48.7	1318.2614	2.4061	0	1
48.75	1320.1483	2.4123	0	1
48.8	1322.6028	2.4119	0	1
48.85	1323.8104	2.4156	0	1
48.9	1325.1816	2.4192	0	1
48.95	1327.2914	2.4215	0	1
49	1329.181	2.4241	0	1
49.05	1331.3546	2.4234	0	1
49.1	1332.3774	2.4273	0	1
49.15	1334.4119	2.4307	0	1
49.2	1337.7681	2.4298	0	1
49.25	1339.9171	2.4353	0	1
49.3	1341.5371	2.4401	0	1
49.35	1343.9122	2.4416	0	1
49.4	1347.8154	2.4418	0	1
49.45	1349.6196	2.4463	0	1
49.5	1350.8173	2.4519	0	1
49.55	1353.2447	2.4522	0	1
49.6	1355.361	2.4529	0	1
49.65	1356.5342	2.4562	0	1
49.7	1357.2253	2.4588	0	1
49.75	1360.4004	2.4619	0	1
49.8	1362.4852	2.4638	0	1
49.85	1363.0263	2.4664	0	1
49.9	1364.7685	2.4698	0	1
49.95	1367.1004	2.4704	0	1
50	1368.8121	2.4731	0	1
50.05	1368.9741	2.4755	0	1
50.1	1371.1057	2.4774	0	1
50.15	1374.2351	2.4801	0	1
50.2	1375.734	2.4852	0	1
50.25	1376.7454	2.4897	0	1
50.3	1378.8433	2.4898	0	1
50.35	1381.45	2.4902	0	1
50.4	1382.927	2.4943	0	1
50.45	1384.113	2.5002	0	1
50.5	1386.338	2.5002	0	1
50.55	1388.3356	2.4988	0	1
50.6	1389.92	2.5006	0	1
50.65	1391.2581	2.5067	0	1
50.7	1393.3615	2.5134	0	1
50.75	1394.8625	2.5148	0	1
50.8	1395.2283	2.5142	0	1
50.85	1396.7382	2.5166	0	1
50.9	1398.3692	2.5198	0	1
50.95	1399.9052	2.5224	0	1
51	1401.1212	2.5257	0	1
51.05	1402.1399	2.5284	0	1
51.1	1403.7937	2.5296	0	1
51.15	1404.9747	2.5314	0	1
51.2	1406.8409	2.5359	0	1
51.25	1407.7478	2.5374	0	1
51.3	1408.7638	2.5376	0	1
51.35	1411.0455	2.5373	0	1
51.4	1412.8487	2.5423	0	1
51.45	1414.9117	2.5483	0	1
51.5	1416.517	2.5498	0	1
51.55	1418.1721	2.5531	0	1
51.6	1419.4235	2.5545	0	1
51.65	1420.2299	2.5567	0	1
51.7	1422.0582	2.5602	0	1
51.75	1423.7316	2.5626	0	1
51.8	1425.7572	2.5637	0	1
51.85	1427.4635	2.5671	0	1
51.9	1428.9168	2.5692	0	1
51.95	1430.7277	2.5735	0	1
52	1431.9856	2.5758	0	1
52.05	1433.6006	2.5752	0	1
52.1	1435.7611	2.5769	0	1
52.15	1438.2987	2.5809	0	1
52.2	1440.0398	2.5857	0	1
52.25	1441.6483	2.5874	0	1
52.3	1444.1842	2.5868	0	1
52.35	1446.0535	2.5905	0	1
52.4	1448.229	2.5932	0	1
52.45	1450.0588	2.5963	0	1
52.5	1452.0972	2.5989	0	1
52.55	1454.1441	2.6013	0	1
52.6	1455.2511	2.6073	0	1
52.65	1456.6548	2.608	0	1
52.7	1458.25	2.6084	0	1
52.75	1460.2366	2.612	0	1
52.8	1461.4321	2.6134	0	1
52.85	1463.0722	2.6152	0	1
52.9	1465.4038	2.6196	0	1
52.95	1466.9762	2.6221	0	1
53	1468.4866	2.625	0	1
53.05	1469.8657	2.6281	0	1
53.1	1471.4281	2.6295	0	1
53.15	1473.0207	2.6319	0	1
53.2	1474.2183	2.6374	0	1
53.25	1475.6418	2.6406	0	1
53.3	1476.5131	2.6402	0	1
53.35	1477.9335	2.6423	0	1
53.4	1479.2648	2.6438	0	1
53.45	1480.045	2.6442	0	1
53.5	1482.0487	2.6457	0	1
53.55	1484.2526	2.6511	0	1
53.6	1486.1599	2.6522	0	1
53.65	1487.7552	2.6564	0	1
53.7	1489.6992	2.6616	0	1
53.75	1491.5193	2.6645	0	1
53.8	1492.6208	2.6663	0	1
53.85	1494.1456	2.6663	0	1
53.9	1495.9356	2.6694	0	1
53.95	1497.5546	2.6708	0	1
54	1498.9393	2.6748	0	1
54.05	1500.8846	2.6789	0	1
54.1	1502.955	2.6782	0	1
54.15	1504.1666	2.6797	0	1
54.2	1506.6529	2.6819	0	1
54.25	1509.5031	2.6852	0	1
54.3	1511.3107	2.6896	0	1
54.35	1513.0012	2.6918	0	1
54.4	1514.9748	2.6925	0	1
54.45	1516.8235	2.695	0	1
54.5	1518.2828	2.6972	0	1
54.55	1520.6054	2.7017	0	1
54.6	1522.5733	2.7037	0	1
54.65	1524.1372	2.7067	0	1
54.7	1526.2348	2.7098	0	1
54.75	1527.6053	2.711	0	1
54.8	1529.5483	2.7142	0	1
54.85	1531.7762	2.7181	0	1
54.9	1533.568	2.7198	0	1
54.95	1535.0516	2.7199	0	1
55	1536.627	2.7226	0	1
55.05	1539.0655	2.7253	0	1
55.1	1541.0499	2.7277	0	1
55.15	1542.8379	2.7306	0	1
55.2	1544.9241	2.7342	0	1
55.25	1546.5987	2.7365	0	1
55.3	1548.4773	2.7388	0	1
55.35	1550.0062	2.7427	0	1
55.4	1551.7208	2.7448	0	1
55.45	1552.8434	2.749	0	1
55.5	1554.1596	2.7499	0	1
55.55	1556.1424	2.7506	0	1
55.6	1557.6409	2.7554	0	1
55.65	1559.1128	2.7558	0	1
55.7	1560.7158	2.7579	0	1
55.75	1562.9499	2.7598	0	1
55.8	1564.7395	2.7641	0	1
55.85	1566.5726	2.7659	0	1
55.9	1568.8915	2.7667	0	1
55.95	1570.7559	2.7723	0	1
56	1573.0849	2.7745	0	1
56.05	1575.2168	2.7758	0	1
56.1	1577.1154	2.7817	0	1
56.15	1578.815	2.7827	0	1
56.2	1580.1242	2.7834	0	1
56.25	1582.3639	2.7858	0	1
56.3	1584.1714	2.7884	0	1
56.35	1586.1405	2.7911	0	1
56.4	1587.8585	2.7955	0	1
56.45	1589.4524	2.7962	0	1
56.5	1591.7074	2.7987	0	1
56.55	1592.9744	2.8029	0	1
56.6	1595.0774	2.8046	0	1
56.65	1596.9668	2.8048	0	1
56.7	1598.1813	2.8066	0	1
56.75	1600.3351	2.8113	0	1
56.8	1602.8377	2.8143	0	1
56.85	1605.202	2.8164	0	1
56.9	1606.4834	2.8194	0	1
56.95	1608.4428	2.8197	0	1
57	1611.0125	2.8222	0	1
57.05	1613.16	2.825	0	1
57.1	1615.3319	2.8282	0	1
57.15	1617.1363	2.8318	0	1
57.2	1619.3277	2.8327	0	1
57.25	1621.178	2.8357	0	1
57.3	1622.7656	2.8373	0	1
57.35	1625.2546	2.8386	0	1
57.4	1627.2701	2.8428	0	1
57.45	1629.7388	2.8462	0	1
57.5	1631.5823	2.8511	0	1
57.55	1633.1795	2.853	0	1
57.6	1634.7745	2.8536	0	1
57.65	1636.1529	2.855	0	1
57.7	1638.3768	2.8562	0	1
57.75	1640.4193	2.8586	0	1
57.8	1643.1616	2.8614	0	1
57.85	1645.7348	2.8646	0	1
57.9	1648.0023	2.8682	0	1
57.95	1650.6911	2.8707	0	1
58	1652.8415	2.8744	0	1
58.05	1655.0383	2.8775	0	1
58.1	1656.5904	2.8782	0	1
58.15	1658.3779	2.8829	0	1
58.2	1660.3668	2.8857	0	1
58.25	1662.2824	2.8851	0	1
58.3	1664.3837	2.8882	0	1
58.35	1665.9152	2.8921	0	1
58.4	1668.0896	2.8943	0	1
58.45	1670.2169	2.8944	0	1
58.5	1672.1487	2.8955	0	1
58.55	1674.4855	2.8991	0	1
58.6	1676.5361	2.902	0	1
58.65	1678.7796	2.9032	0	1
58.7	1681.0152	2.9095	0	1
58.75	1683.3963	2.9118	0	1
58.8	1685.6517	2.9137	0	1
58.85	1687.5304	2.9167	0	1
58.9	1690.0972	2.9189	0	1
58.95	1692.1371	2.9216	0	1
59	1694.2299	2.921	0	1
59.05	1696.3195	2.9256	0	1
59.1	1698.6526	2.9295	0	1
59.15	1701.1695	2.9304	0	1
59.2	1703.3457	2.9336	0	1
59.25	1705.7884	2.9365	0	1
59.3	1708.2487	2.9378	0	1
59.35	1710.4784	2.9392	0	1
59.4	1712.7356	2.9393	0	1
59.45	1714.8475	2.9441	0	1
59.5	1717.6903	2.9481	0	1
59.55	1719.7847	2.9505	0	1
59.6	1721.9353	2.9553	0	1
59.65	1724.1478	2.9556	0	1
59.7	1726.2736	2.9569	0	1
59.75	1729.108	2.959	0	1
59.8	1731.4173	2.9603	0	1
59.85	1734.3607	2.9655	0	1
59.9	1736.8619	2.9694	0	1
59.95	1738.3884	2.9716	0	1
60	1740.3615	2.9741	0	1
60.05	1742.7363	2.9749	0	1
60.1	1745.4036	2.9784	0	1
60.15	1747.6266	2.9799	0	1
60.2	1750.0295	2.98	0	1
60.25	1752.6021	2.9831	0	1
60.3	1755.2019	2.9858	0	1
60.35	1758.4466	2.9898	0	1
60.4	1761.0347	2.9941	0	1
60.45	1762.8341	2.9972	0	1
60.5	1764.6968	2.9992	0	1
60.55	1766.7855	2.9976	0	1
60.6	1769.0317	3.0024	0	1
60.65	1771.7706	3.0096	0	1
60.7	1774.1616	3.009	0	1
60.75	1775.2933	3.0103	0	1
60.8	1777.6105	3.0118	0	1
60.85	1780.525	3.014	0	1
60.9	1783.1404	3.0188	0	1
60.95	1785.847	3.0193	0	1
61	1788.3498	3.0212	0	1
61.05	1791.3429	3.0228	0	1
61.1	1793.6375	3.0249	0	1
61.15	1796.5016	3.0279	0	1
61.2	1799.4793	3.0325	0	1
61.25	1801.574	3.0365	0	1
61.3	1803.8423	3.0383	0	1
61.35	1805.4716	3.0416	0	1
61.4	1807.6428	3.0436	0	1
61.45	1809.7222	3.0458	0	1
61.5	1811.7677	3.0491	0	1
61.55	1814.1932	3.0486	0	1
61.6	1816.3152	3.0529	0	1
61.65	1818.7754	3.0584	0	1
61.7	1820.6469	3.0613	0	1
61.75	1822.8581	3.0612	0	1
61.8	1825.132	3.0637	0	1
61.85	1827.4599	3.0656	0	1
61.9	1830.2914	3.0656	0	1
61.95	1832.7397	3.0693	0	1
62	1835.3153	3.0714	0	1
62.05	1837.5212	3.0751	0	1
62.1	1840.1396	3.0755	0	1
62.15	1843.1216	3.0768	0	1
62.2	1845.7919	3.0857	0	1
62.25	1848.5336	3.0879	0	1
62.3	1850.7216	3.0868	0	1
62.35	1853.0082	3.0888	0	1
62.4	1855.4221	3.0918	0	1
62.45	1857.7626	3.0958	0	1
62.5	1860.7256	3.0985	0	1
62.55	1862.9304	3.0995	0	1
62.6	1865.4838	3.1011	0	1
62.65	1868.2138	3.1041	0	1
62.7	1870.7156	3.1086	0	1
62.75	1873.4296	3.109	0	1
62.8	1875.7428	3.1121	0	1
62.85	1877.9911	3.1164	0	1
62.9	1880.4297	3.1185	0	1
62.95	1882.9697	3.1204	0	1
63	1885.1586	3.1235	0	1
63.05	1887.2731	3.1244	0	1
63.1	1890.2184	3.1265	0	1
63.15	1893.0382	3.1307	0	1
63.2	1895.6999	3.1325	0	1
63.25	1898.0987	3.1342	0	1
63.3	1900.4404	3.1346	0	1
63.35	1903.0401	3.1378	0	1
63.4	1906.0251	3.1404	0	1
63.45	1908.9476	3.144	0	1
63.5	1911.4423	3.1472	0	1
63.55	1914.0814	3.149	0	1
63.6	1916.7924	3.1517	0	1
63.65	1919.5855	3.1565	0	1
63.7	1922.1498	3.1596	0	1
63.75	1923.6593	3.1612	0	1
63.8	1925.2005	3.1647	0	1
63.85	1926.2373	3.168	0	1
63.9	1927.4326	3.1686	0	1
63.95	1928.9051	3.1708	0	1
64	1929.5672	3.1762	0	1
64.05	1930.479	3.1795	0	1
64.1	1931.3634	3.183	0	1
64.15	1931.8509	3.1841	0	1
64.2	1932.5703	3.1829	0	1
64.25	1933.6249	3.1861	0	1
64.3	1934.6665	3.1915	0	1
64.35	1934.9903	3.1955	0	1
64.4	1936.1033	3.195	0	1
64.45	1937.5605	3.1981	0	1
64.5	1938.2786	3.2025	0	1
64.55	1939.1107	3.2023	0	1
64.6	1939.4236	3.2048	0	1
64.65	1939.9782	3.2095	0	1
64.7	1941.0662	3.2104	0	1
64.75	1942.0696	3.2117	0	1
64.8	1942.9906	3.2178	0	1
64.85	1944.0916	3.2193	0	1
64.9	1945.2155	3.2196	0	1
64.95	1945.6527	3.2246	0	1
65	1946.3026	3.2265	0	1
65.05	1947.7278	3.2267	0	1
65.1	1948.3739	3.2278	0	1
65.15	1949.0645	3.233	0	1
65.2	1950.019	3.2371	0	1
65.25	1950.5613	3.2358	0	1
65.3	1951.5151	3.2395	0	1
65.35	1952.3457	3.2424	0	1
65.4	1952.9985	3.243	0	1
65.45	1953.5751	3.2494	0	1
65.5	1954.2677	3.2551	0	1
65.55	1954.8686	3.2569	0	1
65.6	1955.285	3.2574	0	1
65.65	1955.9159	3.2577	0	1
65.7	1956.8079	3.2627	0	1
65.75	1957.3663	3.2652	0	1
65.8	1957.5578	3.2648	0	1
65.85	1957.8252	3.2672	0	1
65.9	1958.2147	3.2714	0	1
65.95	1958.9527	3.2757	0	1
66	1959.5196	3.276	0	1
66.05	1959.7786	3.2775	0	1
66.1	1960.2647	3.2821	0	1
66.15	1960.8972	3.2855	0	1
66.2	1961.101	3.2877	0	1
66.25	1961.4598	3.29	0	1
66.3	1962.1989	3.2906	0	1
66.35	1962.9074	3.2927	0	1
66.4	1963.1244	3.2949	0	1
66.45	1963.6123	3.2973	0	1
66.5	1963.9809	3.3011	0	1
66.55	1964.6032	3.3029	0	1
66.6	1965.0188	3.3061	0	1
66.65	1964.9593	3.3106	0	1
66.7	1965.6196	3.3139	0	1
66.75	1966.2205	3.3156	0	1
66.8	1966.6873	3.3181	0	1
66.85	1967.4108	3.3196	0	1
66.9	1967.4135	3.3214	0	1
66.95	1968.1814	3.3221	0	1
67	1968.4715	3.3254	0	1
67.05	1969.3755	3.3278	0	1
67.1	1970.2675	3.3303	0	1
67.15	1970.7271	3.3343	0	1
67.2	1971.4778	3.3363	0	1
67.25	1971.6502	3.3387	0	1
67.3	1972.2461	3.3404	0	1
67.35	1972.775	3.3447	0	1
67.4	1973.4219	3.3499	0	1
67.45	1974.0963	3.3498	0	1
67.5	1974.7075	3.351	0	1
67.55	1975.6608	3.3537	0	1
67.6	1976.6581	3.3558	0	1
67.65	1977.6874	3.3574	0	1
67.7	1978.4446	3.3589	0	1
67.75	1979.0733	3.3657	0	1
67.8	1980.0648	3.3665	0	1
67.85	1980.8613	3.3647	0	1
67.9	1982.0382	3.3691	0	1
67.95	1982.6974	3.3732	0	1
68	1982.9141	3.3772	0	1
68.05	1983.5959	3.3786	0	1
68.1	1983.9643	3.3823	0	1
68.15	1984.8069	3.3853	0	1
68.2	1985.2503	3.3856	0	1
68.25	1985.53	3.3863	0	1
68.3	1986.2135	3.3911	0	1
68.35	1986.5743	3.3961	0	1
68.4	1987.1723	3.3995	0	1
68.45	1987.5573	3.4011	0	1
68.5	1987.8672	3.4014	0	1
68.55	1988.341	3.4024	0	1
68.6	1988.939	3.4048	0	1
68.65	1989.3594	3.4066	0	1
68.7	1989.7676	3.4103	0	1
68.75	1990.1136	3.4116	0	1
68.8	1990.3426	3.4176	0	1
68.85	1991.137	3.422	0	1
68.9	1991.5113	3.4231	0	1
68.95	1992.052	3.4242	0	1
69	1992.6889	3.4234	0	1
69.05	1992.8928	3.4265	0	1
69.1	1993.2718	3.4316	0	1
69.15	1993.6395	3.4353	0	1
69.2	1994.4108	3.4364	0	1
69.25	1995.5829	3.4389	0	1
69.3	1996.8111	3.4426	0	1
69.35	1997.7174	3.4448	0	1
69.4	1997.9851	3.4473	0	1
69.45	1998.7063	3.4508	0	1
69.5	1998.998	3.4515	0	1
69.55	1999.5214	3.4515	0	1
69.6	2000.2888	3.4543	0	1
69.65	2000.3168	3.4581	0	1
69.7	2000.5889	3.4618	0	1
69.75	2001.0139	3.4638	0	1
69.8	2001.435	3.4648	0	1
69.85	2001.8438	3.4689	0	1
69.9	2002.6442	3.4712	0	1
69.95	2003.0794	3.4727	0	1
70	2003.2738	3.4763	0	1
70.05	2004.1373	3.4785	0	1
70.1	2004.5982	3.4815	0	1
70.15	2005.4154	3.4835	0	1
70.2	2006.8088	3.4866	0	1
70.25	2007.7837	3.4899	0	1
70.3	2008.7492	3.4911	0	1
70.35	2009.2132	3.494	0	1
70.4	2009.9679	3.4947	0	1
70.45	2010.6875	3.4975	0	1
70.5	2011.2485	3.5026	0	1
70.55	2011.9301	3.5046	0	1
70.6	2011.9338	3.5068	0	1
70.65	2012.3624	3.5084	0	1
70.7	2012.7962	3.5128	0	1
70.75	2013.393	3.516	0	1
70.8	2014.1738	3.5156	0	1
70.85	2014.2332	3.5172	0	1
70.9	2014.6516	3.5184	0	1
70.95	2015.336	3.523	0	1
71	2015.9235	3.5294	0	1
71.05	2016.5388	3.5295	0	1
71.1	2016.5413	3.5301	0	1
71.15	2017.2345	3.5341	0	1
71.2	2017.921	3.5366	0	1
71.25	2018.1286	3.5382	0	1
71.3	2018.6797	3.5405	0	1
71.35	2018.7777	3.5432	0	1
71.4	2019.116	3.5477	0	1
71.45	2019.5478	3.5527	0	1
71.5	2019.9764	3.5535	0	1
71.55	2020.4025	3.5509	0	1
71.6	2021.0139	3.5527	0	1
71.65	2023.3468	3.5573	0	1
71.7	2024.6114	3.5582	0	1
71.75	2025.2992	3.5634	0	1
71.8	2025.7938	3.5692	0	1
71.85	2026.4052	3.5689	0	1
71.9	2026.7653	3.5701	0	1
71.95	2027.0332	3.5732	0	1
72	2027.8176	3.5769	0	1
72.05	2028.035	3.58	0	1
72.1	2028.4324	3.5813	0	1
72.15	2028.7167	3.5853	0	1
72.2	2029.2499	3.5883	0	1
72.25	2029.5413	3.5884	0	1
72.3	2029.8308	3.5901	0	1
72.35	2030.4702	3.5923	0	1
72.4	2030.6712	3.5954	0	1
72.45	2031.2578	3.599	0	1
72.5	2031.9956	3.6015	0	1
72.55	2032.095	3.6056	0	1
72.6	2032.6809	3.6074	0	1
72.65	2033.0625	3.6074	0	1
72.7	2033.7262	3.6097	0	1
72.75	2034.07	3.6143	0	1
72.8	2034.3396	3.6189	0	1
72.85	2034.783	3.6209	0	1
72.9	2035.152	3.6206	0	1
72.95	2035.8326	3.6233	0	1
73	2036.1429	3.6261	0	1
73.05	2036.6227	3.6274	0	1
73.1	2037.5556	3.6309	0	1
73.15	2039.4387	3.6335	0	1
73.2	2041.2718	3.6335	0	1
73.25	2041.9191	3.6352	0	1
73.3	2042.5676	3.6391	0	1
73.35	2043.2363	3.6444	0	1
73.4	2044.2074	3.646	0	1
73.45	2045.3543	3.6495	0	1
73.5	2045.7324	3.6533	0	1
73.55	2046	3.6529	0	1
73.6	2046.1783	3.6561	0	1
73.65	2046.5914	3.6607	0	1
73.7	2047.1142	3.6627	0	1
73.75	2047.5002	3.6637	0	1
73.8	2048.1448	3.6653	0	1
73.85	2048.2867	3.6698	0	1
73.9	2048.8743	3.6743	0	1
73.95	2049.3727	3.6722	0	1
74	2049.9038	3.6719	0	1
74.05	2050.5771	3.6772	0	1
74.1	2050.7658	3.6813	0	1
74.15	2051.417	3.6835	0	1
74.2	2052.5547	3.6858	0	1
74.25	2053.193	3.6899	0	1
74.3	2054.0127	3.6935	0	1
74.35	2054.7278	3.694	0	1
74.4	2055.567	3.6971	0	1
74.45	2056.4287	3.6969	0	1
74.5	2056.9719	3.6979	0	1
74.55	2057.2361	3.7031	0	1
74.6	2057.7891	3.7065	0	1
74.65	2058.68	3.7106	0	1
74.7	2059.3198	3.7142	0	1
74.75	2059.6045	3.7164	0	1
74.8	2059.2059	3.7161	0	1
74.85	2059.3955	3.7171	0	1
74.9	2060.3302	3.7208	0	1
74.95	2060.6151	3.7237	0	1
75	2061.0667	3.7249	0	1
75.05	2061.3878	3.7302	0	1
75.1	2062.0603	3.7324	0	1
75.15	2062.4175	3.7351	0	1
75.2	2062.8711	3.7371	0	1
75.25	2064.166	3.7355	0	1
75.3	2065.101	3.7397	0	1
75.35	2065.712	3.7438	0	1
75.4	2066.2279	3.7475	0	1
75.45	2066.3663	3.7516	0	1
75.5	2066.242	3.7517	0	1
75.55	2067.1098	3.7558	0	1
75.6	2068.0891	3.7584	0	1
75.65	2068.495	3.7567	0	1
75.7	2068.7649	3.7585	0	1
75.75	2069.0503	3.7616	0	1
75.8	2069.4786	3.7672	0	1
75.85	2070.0689	3.768	0	1
75.9	2070.4916	3.7686	0	1
75.95	2071.1216	3.7722	0	1
76	2071.59	3.7755	0	1
76.05	2072.8658	3.7787	0	1
76.1	2074.8949	3.7819	0	1
76.15	2075.9283	3.7826	0	1
76.2	2076.7307	3.7841	0	1
76.25	2077.5029	3.7872	0	1
76.3	2077.997	3.7914	0	1
76.35	2078.0631	3.7954	0	1
76.4	2078.2837	3.7955	0	1
76.45	2079.0313	3.7974	0	1
76.5	2079.7937	3.8024	0	1
76.55	2080.2088	3.8049	0	1
76.6	2080.4264	3.8074	0	1
76.65	2080.8055	3.808	0	1
76.7	2081.5933	3.8108	0	1
76.75	2082.2279	3.8147	0	1
76.8	2082.6411	3.8164	0	1
76.85	2083.2427	3.8183	0	1
76.9	2083.5328	3.822	0	1
76.95	2083.4344	3.8256	0	1
77	2083.9878	3.8268	0	1
77.05	2084.5762	3.8268	0	1
77.1	2085.0537	3.8313	0	1
77.15	2085.754	3.8355	0	1
77.2	2086.0244	3.8361	0	1
77.25	2086.4173	3.8393	0	1
77.3	2086.5999	3.8436	0	1
77.35	2087.1115	3.8435	0	1
77.4	2087.8354	3.8445	0	1
77.45	2088.0969	3.8477	0	1
77.5	2089.2106	3.8511	0	1
77.55	2090.7683	3.852	0	1
77.6	2091.9791	3.8524	0	1
77.65	2093.1898	3.8575	0	1
77.7	2093.6582	3.863	0	1
77.75	2094.5873	3.8648	0	1
77.8	2095.394	3.865	0	1
77.85	2095.4831	3.8673	0	1
77.9	2095.8231	3.8709	0	1
77.95	2095.9706	3.8761	0	1
78	2096.4188	3.8777	0	1
78.05	2096.5934	3.88	0	1
78.1	2097.3676	3.8804	0	1
78.15	2098.0545	3.8836	0	1
78.2	2098.1936	3.889	0	1
78.25	2098.5515	3.8889	0	1
78.3	2098.9435	3.8913	0	1
78.35	2099.4654	3.894	0	1
78.4	2099.6691	3.8963	0	1
78.45	2100.072	3.8996	0	1
78.5	2100.3314	3.899	0	1
78.55	2100.4647	3.9031	0	1
78.6	2101.0063	3.9069	0	1
78.65	2101.1916	3.9093	0	1
78.7	2101.901	3.9117	0	1
78.75	2102.4155	3.912	0	1
78.8	2102.9614	3.914	0	1
78.85	2103.5253	3.9183	0	1
78.9	2103.4571	3.9228	0	1
78.95	2104.3518	3.9264	0	1
79	2104.8596	3.9273	0	1
79.05	2105.1097	3.9308	0	1
79.1	2105.8509	3.9341	0	1
79.15	2106.2775	3.9339	0	1
79.2	2106.8068	3.9338	0	1
79.25	2107.739	3.9349	0	1
79.3	2109.3188	3.9393	0	1
79.35	2110.5569	3.9421	0	1
79.4	2111.0789	3.9456	0	1
79.45	2111.7672	3.9494	0	1
79.5	2112.151	3.9529	0	1
79.55	2112.7199	3.9528	0	1
79.6	2113.3711	3.954	0	1
79.65	2113.8433	3.9586	0	1
79.7	2114.2544	3.9612	0	1
79.75	2114.744	3.9659	0	1
79.8	2115.1657	3.9689	0	1
79.85	2115.6635	3.9702	0	1
79.9	2116.283	3.9731	0	1
79.95	2116.3913	3.9735	0	1
80	2116.6218	3.9766	0	1
80.05	2117.5911	3.9762	0	1
80.1	2118.2044	3.9812	0	1
80.15	2118.7721	3.9858	0	1
80.2	2119.2714	3.9847	0	1
80.25	2119.5686	3.9877	0	1
80.3	2119.6086	3.9908	0	1
80.35	2119.9604	3.9916	0	1
80.4	2120.8412	3.995	0	1
80.45	2121.4681	4.0001	0	1
80.5	2121.9883	4.0029	0	1
80.55	2122.2025	4.0055	0	1
80.6	2122.733	4.0061	0	1
80.65	2123.6536	4.0067	0	1
80.7	2124.8168	4.0085	0	1
80.75	2127.2963	4.0128	0	1
80.8	2129.717	4.0149	0	1
80.85	2131.357	4.014	0	1
80.9	2132.262	4.0189	0	1
80.95	2133.0753	4.0235	0	1
81	2134.6935	4.0232	0	1
81.05	2135.8936	4.0262	0	1
81.1	2136.7771	4.0287	0	1
81.15	2137.1223	4.0333	0	1
81.2	2138.0518	4.0365	0	1
81.25	2139.092	4.0391	0	1
81.3	2139.7157	4.0433	0	1
81.35	2141.0138	4.0424	0	1
81.4	2141.5856	4.0432	0	1
81.45	2142.3712	4.0482	0	1
81.5	2143.929	4.0499	0	1
81.55	2145.4205	4.051	0	1
81.6	2146.9112	4.0532	0	1
81.65	2147.7857	4.0565	0	1
81.7	2148.6576	4.0625	0	1
81.75	2149.0842	4.0669	0	1
81.8	2149.6026	4.0681	0	1
81.85	2150.4387	4.0678	0	1
81.9	2150.8559	4.0691	0	1
81.95	2151.5673	4.075	0	1
82	2151.7072	4.078	0	1
82.05	2152.2424	4.0768	0	1
82.1	2152.8566	4.0795	0	1
82.15	2153.0109	4.0847	0	1
82.2	2153.4998	4.088	0	1
82.25	2153.8384	4.0896	0	1
82.3	2154.4395	4.0909	0	1
82.35	2154.8195	4.0958	0	1
82.4	2154.7524	4.0961	0	1
82.45	2155.3881	4.0972	0	1
82.5	2155.9609	4.1026	0	1
82.55	2156.0996	4.1034	0	1
82.6	2156.1501	4.1069	0	1
82.65	2156.6019	4.1097	0	1
82.7	2156.8829	4.1121	0	1
82.75	2157.1194	4.116	0	1
82.8	2157.7601	4.1184	0	1
82.85	2158.1373	4.1213	0	1
82.9	2158.3308	4.1227	0	1
82.95	2158.246	4.1233	0	1
83	2158.7348	4.1246	0	1
83.05	2159.135	4.1268	0	1
83.1	2159.6143	4.1315	0	1
83.15	2160.3851	4.1343	0	1
83.2	2160.5077	4.1362	0	1
83.25	2160.6114	4.1394	0	1
83.3	2161.3517	4.1386	0	1
83.35	2161.6295	4.1416	0	1
83.4	2162.4747	4.1479	0	1
83.45	2162.713	4.1488	0	1
83.5	2163.6022	4.1497	0	1
83.55	2165.4631	4.1527	0	1
83.6	2166.0933	4.1562	0	1
83.65	2166.9244	4.1592	0	1
83.7	2167.3557	4.1606	0	1
83.75	2168.3305	4.1633	0	1
83.8	2168.5372	4.1663	0	1
83.85	2168.421	4.1689	0	1
83.9	2168.9094	4.1703	0	1
83.95	2169.6451	4.1715	0	1
84	2170.2147	4.1771	0	1
84.05	2170.1888	4.1816	0	1
84.1	2170.7829	4.1832	0	1
84.15	2171.2936	4.1832	0	1
84.2	2171.3261	4.1849	0	1
84.25	2171.9134	4.1887	0	1
84.3	2172.5139	4.1938	0	1
84.35	2173.169	4.1925	0	1
84.4	2173.4718	4.1945	0	1
84.45	2174.2317	4.2002	0	1
84.5	2174.7174	4.202	0	1
84.55	2175.0109	4.2029	0	1
84.6	2175.8106	4.2043	0	1
84.65	2176.086	4.2073	0	1
84.7	2176.6501	4.2131	0	1
84.75	2177.2146	4.2149	0	1
84.8	2177.4918	4.2156	0	1
84.85	2178.0211	4.2202	0	1
84.9	2178.4004	4.2219	0	1
84.95	2178.9979	4.2246	0	1
85	2179.4265	4.2229	0	1
85.05	2179.962	4.228	0	1
85.1	2181.3115	4.233	0	1
85.15	2181.6641	4.2334	0	1
85.2	2182.2896	4.2361	0	1
85.25	2182.52	4.2401	0	1
85.3	2182.7737	4.2411	0	1
85.35	2183.1177	4.243	0	1
85.4	2183.1173	4.2449	0	1
85.45	2183.647	4.2482	0	1
85.5	2184.3301	4.2527	0	1
85.55	2185.064	4.2539	0	1
85.6	2185.6677	4.2556	0	1
85.65	2186.0258	4.2593	0	1
85.7	2186.9933	4.2602	0	1
85.75	2188.6347	4.2602	0	1
85.8	2190.8143	4.2624	0	1
85.85	2192.0119	4.2687	0	1
85.9	2193.0412	4.2725	0	1
85.95	2193.8532	4.2722	0	1
86	2194.4848	4.2752	0	1
86.05	2194.9994	4.2772	0	1
86.1	2195.1212	4.2828	0	1
86.15	2195.8738	4.2871	0	1
86.2	2196.6387	4.287	0	1
86.25	2197.7058	4.2877	0	1
86.3	2198.5568	4.2905	0	1
86.35	2199.3517	4.2926	0	1
86.4	2200.0457	4.2949	0	1
86.45	2200.3531	4.2984	0	1
86.5	2201.0159	4.2999	0	1
86.55	2201.1932	4.3041	0	1
86.6	2201.3492	4.3065	0	1
86.65	2201.8085	4.3085	0	1
86.7	2201.9897	4.3148	0	1
86.75	2202.6671	4.3152	0	1
86.8	2202.7362	4.3151	0	1
86.85	2203.3469	4.3176	0	1
86.9	2203.9945	4.321	0	1
86.95	2203.9847	4.3261	0	1
87	2204.7889	4.3266	0	1
87.05	2204.9374	4.3292	0	1
87.1	2205.6457	4.3311	0	1
87.15	2206.1627	4.332	0	1
87.2	2207.0627	4.3352	0	1
87.25	2208.924	4.3367	0	1
87.3	2210.1645	4.3387	0	1
87.35	2210.9983	4.3415	0	1
87.4	2211.3237	4.3443	0	1
87.45	2212.6406	4.3489	0	1
87.5	2214.7895	4.3501	0	1
87.55	2216.8704	4.3492	0	1
87.6	2218.2676	4.3506	0	1
87.65	2219.2099	4.3563	0	1
87.7	2219.977	4.3617	0	1
87.75	2220.611	4.3653	0	1
87.8	2221.2037	4.367	0	1
87.85	2221.3947	4.3704	0	1
87.9	2221.6253	4.3734	0	1
87.95	2222.3938	4.3723	0	1
88	2222.9374	4.3752	0	1
88.05	2223.2746	4.3792	0	1
88.1	2223.6973	4.3833	0	1
88.15	2224.1307	4.3842	0	1
88.2	2224.5552	4.3835	0	1
88.25	2224.6584	4.389	0	1
88.3	2225.0773	4.3934	0	1
88.35	2225.3601	4.3948	0	1
88.4	2225.7228	4.3964	0	1
88.45	2226.1266	4.3994	0	1
88.5	2226.6273	4.4017	0	1
88.55	2227.0672	4.4034	0	1
88.6	2226.9326	4.4061	0	1
88.65	2227.3801	4.4081	0	1
88.7	2227.956	4.4095	0	1
88.75	2228.1441	4.4133	0	1
88.8	2228.5779	4.4179	0	1
88.85	2228.5915	4.4221	0	1
88.9	2228.7814	4.424	0	1
88.95	2229.2541	4.4234	0	1
89	2229.4919	4.4258	0	1
89.05	2229.5788	4.4291	0	1
89.1	2229.9144	4.4312	0	1
89.15	2230.7862	4.4337	0	1
89.2	2230.9051	4.4361	0	1
89.25	2231.185	4.4404	0	1
89.3	2231.7832	4.4419	0	1
89.35	2231.687	4.4433	0	1
89.4	2232.3789	4.4484	0	1
89.45	2232.5795	4.4495	0	1
89.5	2232.7932	4.4498	0	1
89.55	2233.0701	4.4541	0	1
89.6	2233.1813	4.4566	0	1
89.65	2233.6693	4.46	0	1
89.7	2234.4605	4.4625	0	1
89.75	2235.0571	4.4621	0	1
89.8	2235.5314	4.4656	0	1
89.85	2236.3363	4.4665	0	1
89.9	2237.3743	4.4694	0	1
89.95	2239.5134	4.4694	0	1
90	2241.1085	4.4714	0	1
90.05	2241.5914	4.4804	0	1
90.1	2241.93	4.483	0	1
90.15	2241.8545	4.4861	0	1
90.2	2242.7374	4.488	0	1
90.25	2243.7008	4.4885	0	1
90.3	2243.7674	4.4921	0	1
90.35	2244.193	4.4922	0	1
90.4	2244.4036	4.4943	0	1
90.45	2244.982	4.498	0	1
90.5	2245.7016	4.5015	0	1
90.55	2246.2596	4.5052	0	1
90.6	2247.0181	4.5063	0	1
90.65	2247.1773	4.5086	0	1
90.7	2247.5775	4.5094	0	1
90.75	2248.2353	4.5112	0	1
90.8	2248.5311	4.5182	0	1
90.85	2249.1957	4.5199	0	1
90.9	2249.7655	4.5199	0	1
90.95	2250.4719	4.5242	0	1
91	2251.13	4.5274	0	1
91.05	2251.8369	4.5298	0	1
91.1	2252.7611	4.5281	0	1
91.15	2252.9783	4.5302	0	1
91.2	2253.6165	4.5372	0	1
91.25	2254.016	4.5414	0	1
91.3	2254.6563	4.5421	0	1
91.35	2254.8737	4.5433	0	1
91.4	2254.9976	4.5473	0	1
91.45	2255.7804	4.5486	0	1
91.5	2256.1079	4.5498	0	1
91.55	2256.812	4.5517	0	1
91.6	2257.4623	4.5561	0	1
91.65	2257.7527	4.5579	0	1
91.7	2258.6494	4.5589	0	1
91.75	2259.4077	4.5617	0	1
91.8	2260.3884	4.5633	0	1
91.85	2261.3761	4.57	0	1
91.9	2262.1571	4.5747	0	1
91.95	2262.9277	4.5765	0	1
92	2263.5637	4.5791	0	1
92.05	2263.6446	4.5783	0	1
92.1	2263.5821	4.5789	0	1
92.15	2264.3229	4.5832	0	1
92.2	2265.042	4.5838	0	1
92.25	2265.251	4.5879	0	1
92.3	2265.5589	4.5923	0	1
92.35	2266.3017	4.5936	0	1
92.4	2267.2901	4.5967	0	1
92.45	2267.5886	4.5984	0	1
92.5	2268.1427	4.6011	0	1
92.55	2268.5673	4.6051	0	1
92.6	2268.8922	4.6054	0	1
92.65	2269.5165	4.6097	0	1
92.7	2270.1896	4.6109	0	1
92.75	2270.8535	4.6101	0	1
92.8	2271.4381	4.6161	0	1
92.85	2272.2236	4.6198	0	1
92.9	2273.0445	4.6211	0	1
92.95	2273.3355	4.623	0	1
93	2274.2791	4.6256	0	1
93.05	2274.5115	4.6288	0	1
93.1	2274.7575	4.63	0	1
93.15	2275.2293	4.6326	0	1
93.2	2275.6493	4.6367	0	1
93.25	2276.328	4.6391	0	1
93.3	2276.4812	4.6423	0	1
93.35	2276.9069	4.644	0	1
93.4	2277.3079	4.647	0	1
93.45	2277.2716	4.6501	0	1
93.5	2277.7725	4.6495	0	1
93.55	2277.9955	4.6547	0	1
93.6	2278.3298	4.6581	0	1
93.65	2278.8118	4.6594	0	1
93.7	2278.8561	4.6617	0	1
93.75	2279.4171	4.6626	0	1
93.8	2280.335	4.6654	0	1
93.85	2280.8793	4.671	0	1
93.9	2280.9352	4.6743	0	1
93.95	2281.4462	4.6746	0	1
94	2281.5098	4.6768	0	1
94.05	2281.6501	4.6786	0	1
94.1	2281.9316	4.6808	0	1
94.15	2282.9509	4.6813	0	1
94.2	2283.9093	4.6844	0	1
94.25	2284.0248	4.6888	0	1
94.3	2284.4939	4.6923	0	1
94.35	2284.8506	4.6952	0	1
94.4	2285.372	4.6972	0	1
94.45	2285.7335	4.6992	0	1
94.5	2286.4838	4.7012	0	1
94.55	2287.1721	4.701	0	1
94.6	2287.5179	4.7048	0	1
94.65	2288.7621	4.7068	0	1
94.7	2289.7232	4.7097	0	1
94.75	2290.735	4.7139	0	1
94.8	2292.2503	4.7132	0	1
94.85	2293.152	4.7152	0	1
94.9	2294.2268	4.7193	0	1
94.95	2295.1372	4.7225	0	1
95	2296.0588	4.7283	0	1
95.05	2296.795	4.7297	0	1
95.1	2297.124	4.7302	0	1
95.15	2298.0883	4.7329	0	1
95.2	2298.6583	4.7349	0	1
95.25	2299.8223	4.7385	0	1
95.3	2301.232	4.7395	0	1
95.35	2301.7559	4.7417	0	1
95.4	2302.531	4.7469	0	1
95.45	2302.9618	4.7496	0	1
95.5	2303.3111	4.7508	0	1
95.55	2303.7565	4.7523	0	1
95.6	2304.1892	4.7554	0	1
95.65	2305.1082	4.7595	0	1
95.7	2305.3024	4.7608	0	1
95.75	2305.636	4.7624	0	1
95.8	2306.359	4.7665	0	1
95.85	2306.8793	4.7678	0	1
95.9	2307.0539	4.7725	0	1
95.95	2307.4948	4.7783	0	1
96	2308.1485	4.7779	0	1
96.05	2308.5068	4.7799	0	1
96.1	2308.8515	4.7811	0	1
96.15	2309.349	4.7825	0	1
96.2	2309.8688	4.7867	0	1
96.25	2310.0589	4.7902	0	1
96.3	2310.1919	4.792	0	1
96.35	2310.7558	4.7931	0	1
96.4	2311.238	4.7945	0	1
96.45	2311.6464	4.798	0	1
96.5	2311.9022	4.8007	0	1
96.55	2311.947	4.8047	0	1
96.6	2312.2039	4.8079	0	1
96.65	2312.5807	4.8075	0	1
96.7	2313.0429	4.8103	0	1
96.75	2313.6393	4.8126	0	1
96.8	2314.1175	4.8176	0	1
96.85	2314.4224	4.8219	0	1
96.9	2314.8528	4.8213	0	1
96.95	2315.5859	4.8233	0	1
97	2316.5924	4.8252	0	1
97.05	2318.8198	4.825	0	1
97.1	2320.6606	4.8272	0	1
97.15	2321.1788	4.8332	0	1
97.2	2321.9294	4.8394	0	1
97.25	2322.6276	4.839	0	1
97.3	2323.3561	4.8369	0	1
97.35	2324.2436	4.8417	0	1
97.4	2325.1983	4.8465	0	1
97.45	2325.6881	4.849	0	1
97.5	2325.9409	4.852	0	1
97.55	2326.8554	4.8535	0	1
97.6	2327.4482	4.8561	0	1
97.65	2328.0643	4.857	0	1
97.7	2329.3938	4.8566	0	1
97.75	2330.1303	4.8617	0	1
97.8	2330.7665	4.8651	0	1
97.85	2331.3251	4.8678	0	1
97.9	2331.5848	4.872	0	1
97.95	2332.2141	4.8745	0	1
98	2332.9176	4.8779	0	1
98.05	2333.5575	4.879	0	5
98.1	2333.9829	4.8805	0	5
98.15	2334.6109	4.8828	0	5
98.2	2335.346	4.8853	0	5
98.25	2335.273	4.8903	0	5
98.3	2335.5772	4.8859	0	5
98.35	2335.7007	4.8808	0	5
98.4	2335.8878	4.8772	0	5
98.45	2335.7698	4.8709	0	5
98.5	2335.9594	4.8644	0	5
98.55	2336.2769	4.8577	0	5
98.6	2335.9476	4.8498	0	5
98.65	2335.574	4.8415	0	5
98.7	2335.3944	4.8339	0	5
98.75	2335.2448	4.8281	0	5
98.8	2335.316	4.8234	0	5
98.85	2335.4804	4.8149	0	5
98.9	2335.4722	4.8082	0	5
98.95	2335.3085	4.805	0	5
99	2334.9604	4.7992	0	5
99.05	2334.7262	4.7921	0	5
99.1	2334.675	4.7809	0	5
99.15	2334.6157	4.7722	0	5
99.2	2334.5925	4.768	0	5
99.25	2334.2348	4.7617	0	5
99.3	2333.7655	4.7551	0	5
99.35	2333.8476	4.7499	0	5
99.4	2333.9072	4.7433	0	5
99.45	2333.8965	4.7377	0	5
99.5	2333.859	4.7312	0	5
99.55	2333.6241	4.7241	0	5
99.6	2333.7121	4.7159	0	5
99.65	2333.3922	4.7095	0	5
99.7	2332.8767	4.7069	0	5
99.75	2332.6607	4.6993	0	5
99.8	2332.6855	4.6866	0	5
99.85	2332.4411	4.6801	0	5
99.9	2332.1464	4.6746	0	5
99.95	2332.6091	4.6695	0	5
100	2332.0432	4.6627	0	5
100.05	2331.241	4.6561	0	5
100.1	2331.3572	4.6519	0	5
100.15	2331.4797	4.6439	0	5
100.2	2330.8003	4.6336	0	5
100.25	2330.7228	4.6274	0	5
100.3	2330.9606	4.6212	0	5
100.35	2330.5079	4.6172	0	5
100.4	2330.336	4.6114	0	5
100.45	2329.9745	4.6028	0	5
100.5	2329.8831	4.5983	0	5
100.55	2329.5198	4.5913	0	5
100.6	2329.2128	4.5828	0	5
100.65	2329.3379	4.5751	0	5
100.7	2328.9156	4.569	0	5
100.75	2328.7456	4.5635	0	5
100.8	2328.5014	4.56	0	5
100.85	2328.0618	4.5518	0	5
100.9	2328.1057	4.5421	0	5
100.95	2327.4977	4.5346	0	5
101	2327.7151	4.5277	0	5
101.05	2327.799	4.5219	0	5
101.1	2327.3222	4.5166	0	5
101.15	2326.8595	4.5117	0	5
101.2	2326.3045	4.5053	0	5
101.25	2326.2674	4.4971	0	5
101.3	2326.0273	4.4938	0	5
101.35	2325.9921	4.4824	0	5
101.4	2326.0212	4.4726	0	5
101.45	2325.8213	4.4682	0	5
101.5	2325.6087	4.4613	0	5
101.55	2325.1938	4.4586	0	5
101.6	2325.1612	4.4499	0	5
101.65	2324.5626	4.4428	0	5
101.7	2324.3277	4.4388	0	5
101.75	2324.6526	4.4297	0	5
101.8	2324.0464	4.422	0	5
101.85	2323.7267	4.4138	0	5
101.9	2323.6542	4.407	0	5
101.95	2323.3234	4.404	0	5
102	2322.9896	4.3952	0	5
102.05	2322.636	4.3891	0	5
102.1	2322.6842	4.3837	0	5
102.15	2322.546	4.3758	0	5
102.2	2322.0501	4.3722	0	5
102.25	2321.845	4.3665	0	5
102.3	2321.7079	4.357	0	5
102.35	2321.8086	4.3486	0	5
102.4	2321.3495	4.3413	0	5
102.45	2321.0817	4.3372	0	5
102.5	2321.0137	4.3311	0	5
102.55	2320.6347	4.3248	0	5
102.6	2320.5053	4.3177	0	5
102.65	2319.9428	4.3097	0	5
102.7	2319.6424	4.3015	0	5
102.75	2319.5933	4.2949	0	5
102.8	2319.3425	4.29	0	5
102.85	2319.3853	4.2852	0	5
102.9	2318.8512	4.2785	0	5
102.95	2318.5012	4.269	0	5
103	2318.4633	4.2607	0	5
103.05	2318.0847	4.2544	0	5
103.1	2317.9628	4.2486	0	5
103.15	2317.8266	4.2437	0	5
103.2	2317.428	4.2387	0	5
103.25	2317.1982	4.2325	0	5
103.3	2317.2223	4.2216	0	5
103.35	2317.1436	4.2138	0	5
103.4	2316.7891	4.2098	0	5
103.45	2316.5947	4.2027	0	5
103.5	2316.4781	4.1969	0	5
103.55	2316.0988	4.1914	0	5
103.6	2315.4676	4.1844	0	5
103.65	2315.3198	4.1779	0	5
103.7	2315.3637	4.1715	0	5
103.75	2315.0183	4.1634	0	5
103.8	2314.5497	4.1548	0	5
103.85	2314.2441	4.1483	0	5
103.9	2314.338	4.1458	0	5
103.95	2313.9679	4.1381	0	5
104	2313.6532	4.127	0	5
104.05	2313.7218	4.1235	0	5
104.1	2313.6238	4.1176	0	5
104.15	2313.2616	4.1078	0	5
104.2	2312.8351	4.1013	0	5
104.25	2312.5959	4.0956	0	5
104.3	2312.4194	4.0903	0	5
104.35	2312.3303	4.0823	0	5
104.4	2312.1225	4.0747	0	5
104.45	2311.6064	4.0713	0	5
104.5	2311.2428	4.0643	0	5
104.55	2310.9938	4.058	0	5
104.6	2311.0845	4.051	0	5
104.65	2310.691	4.0448	0	5
104.7	2310.1887	4.0389	0	5
104.75	2310.0484	4.0302	0	5
104.8	2309.691	4.0235	0	5
104.85	2309.3949	4.0168	0	5
104.9	2309.1007	4.009	0	5
104.95	2308.8608	4.0018	0	5
105	2308.701	3.9949	0	5
105.05	2308.3329	3.9879	0	5
105.1	2308.1448	3.9835	0	5
105.15	2307.9873	3.9785	0	5
105.2	2307.5557	3.9701	0	5
105.25	2307.176	3.9664	0	5
105.3	2306.9611	3.9582	0	5
105.35	2306.9097	3.9484	0	5
105.4	2306.3918	3.9415	0	5
105.45	2306.111	3.9334	0	5
105.5	2305.7235	3.9287	0	5
105.55	2305.3195	3.923	0	5
105.6	2305.3795	3.9159	0	5
105.65	2305.226	3.9102	0	5
105.7	2305.3859	3.9019	0	5
105.75	2304.8829	3.8952	0	5
105.8	2304.1008	3.8895	0	5
105.85	2303.8425	3.8841	0	5
105.9	2303.6608	3.8781	0	5
105.95	2303.5298	3.8688	0	5
106	2302.9207	3.8629	0	5
106.05	2302.9662	3.8574	0	5
106.1	2302.8068	3.8499	0	5
106.15	2302.1879	3.8434	0	5
106.2	2302.1374	3.8367	0	5
106.25	2302.0767	3.8306	0	5
106.3	2302.0287	3.8234	0	5
106.35	2301.4141	3.8151	0	5
106.4	2300.9562	3.8084	0	5
106.45	2301.058	3.8019	0	5
106.5	2300.8236	3.7989	0	5
106.55	2300.8668	3.7935	0	5
106.6	2300.5349	3.7836	0	5
106.65	2300.1781	3.7754	0	5
106.7	2299.8079	3.7694	0	5
106.75	2299.4246	3.762	0	5
106.8	2299.3455	3.7566	0	5
106.85	2298.923	3.7497	0	5
106.9	2298.5517	3.7412	0	5
106.95	2298.1067	3.7353	0	5
107	2297.5526	3.7304	0	5
107.05	2297.5849	3.7247	0	5
107.1	2297.4981	3.7193	0	5
107.15	2297.0399	3.7109	0	5
107.2	2296.5372	3.7025	0	5
107.25	2296.6277	3.6951	0	5
107.3	2296.3732	3.69	0	5
107.35	2296.0147	3.6872	0	5
107.4	2295.9483	3.6792	0	5
107.45	2295.2145	3.6698	0	5
107.5	2294.5747	3.663	0	5
107.55	2294.521	3.6555	0	5
107.6	2294.5843	3.651	0	5
107.65	2294.1611	3.6447	0	5
107.7	2293.3412	3.6362	0	5
107.75	2292.575	3.6305	0	5
107.8	2292.1484	3.6237	0	5
107.85	2292.2698	3.6158	0	5
107.9	2292.1248	3.6086	0	5
107.95	2291.7041	3.6006	0	5
108	2291.6291	3.5964	0	5
108.05	2291.3746	3.5921	0	5
108.1	2291.1666	3.5838	0	5
108.15	2290.4993	3.5765	0	5
108.2	2290.4345	3.5704	0	5
108.25	2290.1914	3.5655	0	5
108.3	2289.803	3.5579	0	5
108.35	2289.6409	3.5484	0	5
108.4	2289.0482	3.5435	0	5
108.45	2288.8747	3.536	0	5
108.5	2288.9299	3.5288	0	5
108.55	2288.3933	3.5244	0	5
108.6	2287.8806	3.5172	0	5
108.65	2287.404	3.5098	0	5
108.7	2287.7396	3.5005	0	5
108.75	2287.5987	3.4951	0	5
108.8	2286.8349	3.4922	0	5
108.85	2286.7124	3.4832	0	5
108.9	2286.5164	3.4752	0	5
108.95	2286.3074	3.4702	0	5
109	2285.3643	3.4669	0	5
109.05	2284.2131	3.4628	0	5
109.1	2283.3468	3.4528	0	5
109.15	2282.5082	3.4452	0	5
109.2	2281.724	3.4391	0	5
109.25	2279.503	3.4325	0	5
109.3	2277.946	3.4249	0	5
109.35	2277.2734	3.4172	0	5
109.4	2276.8646	3.4104	0	5
109.45	2276.3316	3.4025	0	5
109.5	2276.1263	3.3956	0	5
109.55	2275.908	3.3911	0	5
109.6	2275.6227	3.3834	0	5
109.65	2275.5019	3.3765	0	5
109.7	2274.1504	3.3731	0	5
109.75	2272.7127	3.3646	0	5
109.8	2272.0261	3.357	0	5
109.85	2270.6634	3.3523	0	5
109.9	2269.6582	3.345	0	5
109.95	2268.0368	3.3397	0	5
110	2266.1546	3.3345	0	5
110.05	2265.0241	3.3264	0	5
110.1	2264.1905	3.3167	0	5
110.15	2264.3854	3.3085	0	5
110.2	2264.1544	3.3038	0	5
110.25	2263.2622	3.2993	0	5
110.3	2260.837	3.2917	0	5
110.35	2258.8341	3.2869	0	5
110.4	2258.5751	3.2816	0	5
110.45	2258.2715	3.272	0	5
110.5	2257.4096	3.2626	0	5
110.55	2255.6347	3.2549	0	5
110.6	2253.5397	3.2507	0	5
110.65	2251.979	3.2464	0	5
110.7	2251.1165	3.2398	0	5
110.75	2250.459	3.2336	0	5
110.8	2250.1179	3.2255	0	5
110.85	2249.8903	3.2172	0	5
110.9	2249.107	3.2112	0	5
110.95	2248.4058	3.2056	0	5
111	2248.0786	3.1972	0	5
111.05	2247.2385	3.1892	0	5
111.1	2246.6243	3.1816	0	5
111.15	2245.8235	3.1741	0	5
111.2	2244.9993	3.1681	0	5
111.25	2244.4015	3.1653	0	5
111.3	2243.1021	3.1605	0	5
111.35	2242.2719	3.1529	0	5
111.4	2241.9436	3.1465	0	5
111.45	2241.5312	3.1388	0	5
111.5	2240.7351	3.1313	0	5
111.55	2239.6676	3.1251	0	5
111.6	2239.1267	3.1172	0	5
111.65	2238.541	3.1103	0	5
111.7	2237.5298	3.1031	0	5
111.75	2236.8407	3.0947	0	5
111.8	2236.1203	3.0915	0	5
111.85	2234.8355	3.0852	0	5
111.9	2234.3523	3.0783	0	5
111.95	2233.6126	3.0732	0	5
112	2232.0504	3.0638	0	5
112.05	2230.6479	3.0572	0	5
112.1	2229.6568	3.0523	0	5
112.15	2229.22	3.0448	0	5
112.2	2228.3551	3.0369	0	5
112.25	2227.4226	3.031	0	5
112.3	2226.8624	3.0257	0	5
112.35	2225.7103	3.0184	0	5
112.4	2224.9113	3.0105	0	5
112.45	2224.3704	3.0046	0	5
112.5	2223.7046	2.9987	0	5
112.55	2223.2967	2.99	0	5
112.6	2222.3949	2.9834	0	5
112.65	2221.56	2.9766	0	5
112.7	2221.0905	2.9707	0	5
112.75	2220.1326	2.9656	0	5
112.8	2219.0837	2.9597	0	5
112.85	2218.1455	2.9542	0	5
112.9	2217.4398	2.9441	0	5
112.95	2216.9282	2.9361	0	5
113	2216.6121	2.9296	0	5
113.05	2215.7606	2.9232	0	5
113.1	2215.2229	2.9163	0	5
113.15	2214.9405	2.9095	0	5
113.2	2214.1026	2.9067	0	5
113.25	2213.3377	2.8991	0	5
113.3	2212.4385	2.8898	0	5
113.35	2211.797	2.8832	0	5
113.4	2211.1195	2.8756	0	5
113.45	2210.1436	2.8693	0	5
113.5	2209.3562	2.866	0	5
113.55	2208.4751	2.8602	0	5
113.6	2207.3078	2.8504	0	5
113.65	2206.8624	2.844	0	5
113.7	2206.5759	2.8386	0	5
113.75	2205.6352	2.8304	0	5
113.8	2204.808	2.8249	0	5
113.85	2204.045	2.8183	0	5
113.9	2203.211	2.8133	0	5
113.95	2202.6041	2.8052	0	5
114	2201.866	2.7974	0	5
114.05	2201.1373	2.7902	0	5
114.1	2200.0116	2.784	0	5
114.15	2198.663	2.7805	0	5
114.2	2197.9022	2.7716	0	5
114.25	2196.9552	2.7622	0	5
114.3	2195.8154	2.759	0	5
114.35	2194.6597	2.7543	0	5
114.4	2192.8805	2.7481	0	5
114.45	2191.3034	2.7395	0	5
114.5	2188.6918	2.7305	0	5
114.55	2186.896	2.7236	0	5
114.6	2185.5422	2.7174	0	5
114.65	2183.1918	2.7135	0	5
114.7	2181.3242	2.7089	0	5
114.75	2179.0589	2.7017	0	5
114.8	2176.5921	2.6943	0	5
114.85	2174.2656	2.6855	0	5
114.9	2172.0355	2.6813	0	5
114.95	2170.136	2.6766	0	5
115	2166.8496	2.6702	0	5
115.05	2163.8151	2.6642	0	5
115.1	2160.6334	2.6571	0	5
115.15	2157.9213	2.6486	0	5
115.2	2155.3015	2.6407	0	5
115.25	2152.4587	2.6342	0	5
115.3	2150.6642	2.6269	0	5
115.35	2148.2932	2.6202	0	5
115.4	2145.589	2.6137	0	5
115.45	2142.9667	2.6088	0	5
115.5	2140.1414	2.6023	0	5
115.55	2137.5629	2.5948	0	5
115.6	2135.09	2.589	0	5
115.65	2132.7595	2.5792	0	5
115.7	2129.8911	2.5729	0	5
115.75	2127.7211	2.5686	0	5
115.8	2125.2286	2.562	0	5
115.85	2122.1309	2.5584	0	5
115.9	2119.3826	2.5492	0	5
115.95	2116.7244	2.5406	0	5
116	2114.3379	2.535	0	5
116.05	2111.48	2.5267	0	5
116.1	2108.5357	2.521	0	5
116.15	2106.1315	2.5155	0	5
116.2	2103.411	2.51	0	5
116.25	2101.1647	2.5033	0	5
116.3	2098.1934	2.4944	0	5
116.35	2095.4292	2.4881	0	5
116.4	2092.9156	2.4811	0	5
116.45	2090.0612	2.4753	0	5
116.5	2087.3061	2.4691	0	5
116.55	2084.3007	2.4606	0	5
116.6	2082.1076	2.451	0	5
116.65	2079.8385	2.4476	0	5
116.7	2077.6991	2.4415	0	5
116.75	2075.2264	2.434	0	5
116.8	2072.4318	2.4305	0	5
116.85	2069.8467	2.4224	0	5
116.9	2067.0232	2.4154	0	5
116.95	2064.3807	2.41	0	5
117	2061.0735	2.4027	0	5
117.05	2058.2987	2.3949	0	5
117.1	2055.9158	2.386	0	5
117.15	2052.9845	2.3815	0	5
117.2	2050.7926	2.376	0	5
117.25	2048.0614	2.366	0	5
117.3	2045.3898	2.3606	0	5
117.35	2043.1287	2.3541	0	5
117.4	2040.4553	2.3481	0	5
117.45	2038.4587	2.3433	0	5
117.5	2035.5604	2.3362	0	5
117.55	2032.5852	2.3311	0	5
117.6	2030.0234	2.3218	0	5
117.65	2027.0189	2.3163	0	5
117.7	2024.5671	2.3113	0	5
117.75	2021.1301	2.3035	0	5
117.8	2018.3623	2.2939	0	5
117.85	2015.7052	2.2848	0	5
117.9	2012.8574	2.2803	0	5
117.95	2010.844	2.2742	0	5
118	2008.0457	2.2669	0	5
118.05	2005.641	2.2614	0	5
118.1	2002.8295	2.2554	0	5
118.15	2000.2654	2.2471	0	5
118.2	1997.9689	2.2412	0	5
118.25	1995.129	2.237	0	5
118.3	1992.6193	2.2289	0	5
118.35	1989.9322	2.2224	0	5
118.4	1987.1355	2.2157	0	5
118.45	1984.3195	2.2094	0	5
118.5	1981.2742	2.2023	0	5
118.55	1978.2884	2.1958	0	5
118.6	1975.4548	2.1916	0	5
118.65	1972.7866	2.1829	0	5
118.7	1969.2926	2.1737	0	5
118.75	1967.0188	2.167	0	5
118.8	1965.037	2.1603	0	5
118.85	1962.3079	2.1552	0	5
118.9	1959.8543	2.1481	0	5
118.95	1956.9528	2.1411	0	5
119	1954.6492	2.1362	0	5
119.05	1951.9512	2.1272	0	5
119.1	1948.9606	2.1185	0	5
119.15	1946.7412	2.1126	0	5
119.2	1944.5341	2.1087	0	5
119.25	1942.0034	2.1046	0	5
119.3	1938.7829	2.0952	0	5
119.35	1936.1335	2.0888	0	5
119.4	1933.4612	2.0847	0	5
119.45	1930.3719	2.0776	0	5
119.5	1927.6052	2.07	0	5
119.55	1924.2239	2.0596	0	5
119.6	1921.3369	2.052	0	5
119.65	1919.2303	2.0461	0	5
119.7	1916.9404	2.0398	0	5
119.75	1914.3131	2.0347	0	5
119.8	1911.88	2.0288	0	5
119.85	1909.7723	2.0214	0	5
119.9	1906.8361	2.0154	0	5
119.95	1904.1176	2.008	0	5
120	1901.576	1.9998	0	5
120.05	1898.7188	1.9965	0	5
120.1	1896.4002	1.9913	0	5
120.15	1893.0168	1.9827	0	5
120.2	1890.2407	1.9753	0	5
120.25	1887.6015	1.9679	0	5
120.3	1884.6459	1.9625	0	5
120.35	1882.0298	1.9516	0	5
120.4	1879.2453	1.9468	0	5
120.45	1876.9961	1.9418	0	5
120.5	1874.1248	1.9345	0	5
120.55	1871.4094	1.9311	0	5
120.6	1868.7435	1.9245	0	5
120.65	1865.5746	1.9177	0	5
120.7	1862.7354	1.9122	0	5
120.75	1859.3801	1.9041	0	5
120.8	1856.3346	1.8954	0	5
120.85	1853.4089	1.8872	0	5
120.9	1850.5029	1.8801	0	5
120.95	1848.0769	1.8735	0	5
121	1845.4578	1.8674	0	5
121.05	1843.2644	1.8645	0	5
121.1	1840.3379	1.8589	0	5
121.15	1837.2622	1.8472	0	5
121.2	1834.767	1.8405	0	5
121.25	1832.0855	1.8353	0	5
121.3	1829.3151	1.8269	0	5
121.35	1825.998	1.8216	0	5
121.4	1823.9546	1.8148	0	5
121.45	1821.5894	1.808	0	5
121.5	1818.488	1.8018	0	5
121.55	1815.7374	1.7963	0	5
121.6	1812.9635	1.7895	0	5
121.65	1810.2492	1.78	0	5
121.7	1807.3467	1.7714	0	5
121.75	1805.1267	1.7661	0	5
121.8	1803.3932	1.762	0	5
121.85	1800.6577	1.7577	0	5
121.9	1797.8788	1.7513	0	5
121.95	1794.5622	1.745	0	5
122	1791.161	1.735	0	5
122.05	1788.1212	1.7279	0	5
122.1	1785.4898	1.7244	0	5
122.15	1782.6418	1.7169	0	5
122.2	1779.4305	1.7084	0	5
122.25	1777.1065	1.7006	0	5
122.3	1774.495	1.6932	0	5
122.35	1772.1423	1.6878	0	5
122.4	1769.6261	1.6836	0	5
122.45	1766.6127	1.6777	0	5
122.5	1764.0912	1.6684	0	5
122.55	1760.8081	1.6588	0	5
122.6	1757.9042	1.6558	0	5
122.65	1755.1286	1.6513	0	5
122.7	1752.4996	1.6409	0	5
122.75	1750.0288	1.6339	0	5
122.8	1746.3125	1.6287	0	5
122.85	1743.6619	1.6223	0	5
122.9	1741.3724	1.616	0	5
122.95	1738.4706	1.6092	0	5
123	1735.1971	1.6065	0	5
123.05	1732.3254	1.5977	0	5
123.1	1729.3361	1.5865	0	5
123.15	1725.5654	1.5799	0	5
123.2	1723.1176	1.5724	0	5
123.25	1721.3146	1.5666	0	5
123.3	1718.9514	1.5626	0	5
123.35	1716.2809	1.5557	0	5
123.4	1713.2976	1.5493	0	5
123.45	1710.7274	1.5429	0	5
123.5	1708.0291	1.5359	0	5
123.55	1705.1777	1.5294	0	5
123.6	1702.4795	1.5224	0	5
123.65	1699.5776	1.5159	0	5
123.7	1697.1134	1.5096	0	5
123.75	1693.9267	1.5038	0	5
123.8	1690.9763	1.4959	0	5
123.85	1687.8038	1.4875	0	5
123.9	1684.7427	1.4797	0	5
123.95	1682.79	1.4741	0	5
124	1680.31	1.468	0	5
124.05	1677.6564	1.4625	0	5
124.1	1674.4994	1.4576	0	5
124.15	1671.6029	1.4516	0	5
124.2	1668.5904	1.4438	0	5
124.25	1665.113	1.4344	0	5
124.3	1662.7127	1.427	0	5
124.35	1660.2655	1.422	0	5
124.4	1657.6535	1.415	0	5
124.45	1654.7839	1.4075	0	5
124.5	1652.0014	1.3989	0	5
124.55	1649.3537	1.3938	0	5
124.6	1646.6553	1.3887	0	5
124.65	1644.7172	1.3797	0	5
124.7	1641.7728	1.3735	0	5
124.75	1639.0091	1.3683	0	5
124.8	1636.7668	1.3632	0	5
124.85	1633.943	1.3574	0	5
124.9	1631.0946	1.3492	0	5
124.95	1627.6535	1.3436	0	5
125	1624.9816	1.3365	0	5
125.05	1622.3002	1.3283	0	5
125.1	1619.0025	1.3241	0	5
125.15	1616.2991	1.3153	0	5
125.2	1613.4456	1.3076	0	5
125.25	1610.8177	1.2997	0	5
125.3	1608.3027	1.294	0	5
125.35	1605.8064	1.2896	0	5
125.4	1602.9432	1.2827	0	5
125.45	1599.8165	1.2747	0	5
125.5	1597.2982	1.2671	0	5
125.55	1594.3578	1.2611	0	5
125.6	1591.8452	1.2554	0	5
125.65	1589.0781	1.2509	0	5
125.7	1586.0532	1.2439	0	5
125.75	1583.1684	1.236	0	5
125.8	1580.0539	1.2296	0	5
125.85	1577.5353	1.2207	0	5
125.9	1574.4926	1.2134	0	5
125.95	1571.6281	1.2072	0	5
126	1569.3078	1.203	0	5
126.05	1566.7141	1.1968	0	5
126.1	1563.936	1.1897	0	5
126.15	1560.5798	1.1856	0	5
126.2	1557.4996	1.1763	0	5
126.25	1554.6332	1.1692	0	5
126.3	1551.4391	1.1649	0	5
126.35	1548.0464	1.1561	0	5
126.4	1544.7313	1.1466	0	5
126.45	1542.5209	1.1374	0	5
126.5	1539.9918	1.1336	0	5
126.55	1537.4689	1.1292	0	5
126.6	1535.0474	1.1213	0	5
126.65	1532.2245	1.118	0	5
126.7	1529.4406	1.1103	0	5
126.75	1525.9264	1.1004	0	5
126.8	1524.0706	1.0954	0	5
126.85	1521.2143	1.0872	0	5
126.9	1517.9092	1.0818	0	5
126.95	1515.8844	1.0761	0	5
127	1513.155	1.07	0	5
127.05	1510.2325	1.0619	0	5
127.1	1506.7349	1.0562	0	5
127.15	1503.9184	1.0478	0	5
127.2	1501.4548	1.0395	0	5
127.25	1498.7577	1.0346	0	5
127.3	1496.4369	1.0302	0	5
127.35	1493.6195	1.0245	0	5
127.4	1490.7383	1.0157	0	5
127.45	1487.4778	1.0094	0	5
127.5	1484.1028	1.004	0	5
127.55	1481.3544	0.9949	0	5
127.6	1478.2126	0.9882	0	5
127.65	1475.4752	0.9826	0	5
127.7	1472.5893	0.9774	0	5
127.75	1469.2512	0.9697	0	5
127.8	1466.4769	0.9604	0	5
127.85	1464.0799	0.9556	0	5
127.9	1461.2802	0.9507	0	5
127.95	1457.3799	0.9438	0	5
128	1454.0342	0.9363	0	5
128.05	1450.9089	0.9278	0	5
128.1	1447.9879	0.9215	0	5
128.15	1445.9497	0.9149	0	5
128.2	1443.1672	0.9073	0	5
128.25	1440.6409	0.9017	0	5
128.3	1437.6094	0.8959	0	5
128.35	1434.9784	0.8895	0	5
128.4	1432.8095	0.8828	0	5
128.45	1429.6167	0.8751	0	5
128.5	1426.843	0.87	0	5
128.55	1423.9521	0.863	0	5
128.6	1420.8528	0.8547	0	5
128.65	1417.7862	0.8484	0	5
128.7	1414.6848	0.8418	0	5
128.75	1412.0035	0.8354	0	5
128.8	1409.3793	0.8274	0	5
128.85	1406.766	0.8205	0	5
128.9	1403.8617	0.8151	0	5
128.95	1401.5593	0.8089	0	5
129	1399.2337	0.8019	0	5
129.05	1396.1295	0.7959	0	5
129.1	1393.1783	0.7905	0	5
129.15	1390.3124	0.7852	0	5
129.2	1387.7865	0.777	0	5
129.25	1384.3426	0.7689	0	5
129.3	1380.731	0.7645	0	5
129.35	1377.9371	0.7564	0	5
129.4	1374.8757	0.749	0	5
129.45	1372.2746	0.742	0	5
129.5	1368.9823	0.7355	0	5
129.55	1366.2417	0.7287	0	5
129.6	1363.2938	0.7211	0	5
129.65	1360.4331	0.7141	0	5
129.7	1358.1191	0.7084	0	5
129.75	1354.9265	0.7015	0	5
129.8	1352.1147	0.6946	0	5
129.85	1349.4634	0.6883	0	5
129.9	1346.3271	0.6824	0	5
129.95	1343.5664	0.6744	0	5
130	1340.7637	0.6669	0	5
130.05	1338.0913	0.6633	0	5
130.1	1334.9426	0.6571	0	5
130.15	1332.3085	0.6484	0	5
130.2	1329.2948	0.6425	0	5
130.25	1325.5911	0.6353	0	5
130.3	1322.8378	0.6285	0	5
130.35	1319.9138	0.6235	0	5
130.4	1316.5956	0.6173	0	5
130.45	1313.4694	0.6122	0	5
130.5	1310.3673	0.6047	0	5
130.55	1306.9012	0.5958	0	5
130.6	1303.672	0.5881	0	5
130.65	1301.3671	0.5814	0	5
130.7	1298.1327	0.5753	0	5
130.75	1295.1288	0.5701	0	5
130.8	1292.4537	0.5634	0	5
130.85	1289.3346	0.5547	0	5
130.9	1286.85	0.5483	0	5
130.95	1283.5106	0.5411	0	5
131	1281.153	0.5346	0	5
131.05	1278.4001	0.5283	0	5
131.1	1275.1016	0.5259	0	5
131.15	1272.4406	0.5187	0	5
131.2	1268.6444	0.5088	0	5
131.25	1265.5393	0.503	0	5
131.3	1262.5327	0.4941	0	5
131.35	1259.7319	0.4868	0	5
131.4	1257.2909	0.4814	0	5
131.45	1254.499	0.4757	0	5
131.5	1251.5826	0.4691	0	5
131.55	1247.9755	0.4604	0	5
131.6	1245.2735	0.4536	0	5
131.65	1242.4263	0.448	0	5
131.7	1239.5882	0.4442	0	5
131.75	1236.9817	0.4391	0	5
131.8	1233.6352	0.4306	0	5
131.85	1230.8571	0.4208	0	5
131.9	1227.1015	0.4164	0	5
131.95	1224.0642	0.41	0	5
132	1221.4895	0.4021	0	5
132.05	1218.3788	0.3975	0	5
132.1	1215.2114	0.393	0	5
132.15	1211.2521	0.3851	0	5
132.2	1207.7985	0.3751	0	5
132.25	1204.8459	0.368	0	5
132.3	1201.9545	0.3626	0	5
132.35	1198.5372	0.3552	0	5
132.4	1195.2433	0.35	0	5
132.45	1192.6536	0.3407	0	5
132.5	1189.1553	0.3337	0	5
132.55	1186.0872	0.3282	0	5
132.6	1183.3523	0.3228	0	5
132.65	1179.9738	0.3183	0	5
132.7	1176.5148	0.3127	0	5
132.75	1172.3332	0.306	0	5
132.8	1168.0311	0.2992	0	5
132.85	1162.3271	0.2924	0	5
132.9	1156.9396	0.2863	0	5
132.95	1153.709	0.2796	0	5
133	1149.8022	0.2716	0	5
133.05	1146.1493	0.2643	0	5
133.1	1141.5769	0.257	0	5
133.15	1137.008	0.2511	0	5
133.2	1133.3871	0.2471	0	5
133.25	1129.0203	0.24	0	5
133.3	1124.1707	0.2314	0	5
133.35	1119.5031	0.2245	0	5
133.4	1115.8469	0.2179	0	5
133.45	1111.678	0.2136	0	5
133.5	1107.4501	0.206	0	5
133.55	1102.8589	0.1975	0	5
133.6	1098.0873	0.1939	0	5
133.65	1093.8063	0.186	0	5
133.7	1088.5601	0.1784	0	5
133.75	1084.2028	0.1722	0	5
133.8	1080.142	0.1664	0	5
133.85	1075.388	0.1603	0	5
133.9	1071.5111	0.1503	0	5
133.95	1066.4699	0.1457	0	5
134	1062.4046	0.1392	0	5
134.05	1057.806	0.1306	0	5
134.1	1053.0358	0.1254	0	5
134.15	1049.18	0.1198	0	5
134.2	1043.5536	0.1151	0	5
134.25	1039.1106	0.1059	0	5
134.3	1034.268	0.0982	0	5
134.35	1029.491	0.0913	0	5
134.4	1024.6106	0.0844	0	5
134.45	1018.7914	0.0802	0	5
134.5	1014.2163	0.0739	0	5
134.55	1008.9565	0.0677	0	5
134.6	1003.3573	0.0623	0	5
134.65	998.0236	0.054	0	5
134.7	992.6245	0.0461	0	5
134.75	987.0544	0.0424	0	6
134.8	980.7924	0.036	0	7
